(+1 -3 -97 -58 -38 -90 -124 -18 +51 -64 +126 +122 +37 +62 +56 -9 -32 -82 +33 +89 +125 +92 +79 -23 +45 -16 -20 -69 +52 +13 +85 -110 -72 -27 -86 -121 -114 -57 +71 +22 +115 -117 -100 -53 +67 +108 +2 +91 -75 -11 +68 +65 -59 +70 -8 -21 +81 -10 -78 -88 +99 -5 +35 +14 -12 -116 -4 -17 -29 -73 +24 -39 +96 -36 -109 -101 -60 -77 +49 +83 -106 -46 +26 +111 +42 -119 -31 +105 -118 +107 -104 -15 +84 +120 +48 -123 -113 +76 -95 +74 +55 +103 +80 +34 -40 +47 +50 +94 -6 -44 -61 -41 +54 -87 -112 -25 -93 -30 +98 -66 +43 +28 -7 -102 -19 +63)
(+1 -2 -108 -67 +53 +100 +117 -115 -22 -71 +57 +114 +121 +86 +27 +72 +110 -85 -13 -52 +69 +20 +16 -45 +23 -79 -92 -125 -89 -33 +82 +32 +9 -56 -62 -37 -122 -126 +64 -51 +18 +124 +90 +38 +58 +97 +3 +91 -75 -11 +68 +65 -59 +70 -8 -21 +81 -10 -78 -88 +99 -5 +35 +14 -12 -116 -4 -17 -29 -73 +24 -39 +96 -36 -109 -101 -60 -77 +49 +83 -106 -46 +26 +111 +42 -119 -31 +105 -118 +107 -104 -15 +84 +120 +48 -123 -113 +76 -95 +74 +55 +103 +80 +34 -40 +47 +50 +94 -6 -44 -61 -41 +54 -87 -112 -25 -93 -30 +98 -66 +43 +28 -7 -102 -19 +63)
(+1 +2 -108 -67 +53 +100 +117 -115 -22 -71 +57 +114 +121 +86 +27 +72 +110 -85 -13 -52 +69 +20 +16 -45 +23 -79 -92 -125 -89 -33 +82 +32 +9 -56 -62 -37 -122 -126 +64 -51 +18 +124 +90 +38 +58 +97 +3 +91 -75 -11 +68 +65 -59 +70 -8 -21 +81 -10 -78 -88 +99 -5 +35 +14 -12 -116 -4 -17 -29 -73 +24 -39 +96 -36 -109 -101 -60 -77 +49 +83 -106 -46 +26 +111 +42 -119 -31 +105 -118 +107 -104 -15 +84 +120 +48 -123 -113 +76 -95 +74 +55 +103 +80 +34 -40 +47 +50 +94 -6 -44 -61 -41 +54 -87 -112 -25 -93 -30 +98 -66 +43 +28 -7 -102 -19 +63)
(+1 +2 -3 -97 -58 -38 -90 -124 -18 +51 -64 +126 +122 +37 +62 +56 -9 -32 -82 +33 +89 +125 +92 +79 -23 +45 -16 -20 -69 +52 +13 +85 -110 -72 -27 -86 -121 -114 -57 +71 +22 +115 -117 -100 -53 +67 +108 +91 -75 -11 +68 +65 -59 +70 -8 -21 +81 -10 -78 -88 +99 -5 +35 +14 -12 -116 -4 -17 -29 -73 +24 -39 +96 -36 -109 -101 -60 -77 +49 +83 -106 -46 +26 +111 +42 -119 -31 +105 -118 +107 -104 -15 +84 +120 +48 -123 -113 +76 -95 +74 +55 +103 +80 +34 -40 +47 +50 +94 -6 -44 -61 -41 +54 -87 -112 -25 -93 -30 +98 -66 +43 +28 -7 -102 -19 +63)
(+1 +2 +3 -97 -58 -38 -90 -124 -18 +51 -64 +126 +122 +37 +62 +56 -9 -32 -82 +33 +89 +125 +92 +79 -23 +45 -16 -20 -69 +52 +13 +85 -110 -72 -27 -86 -121 -114 -57 +71 +22 +115 -117 -100 -53 +67 +108 +91 -75 -11 +68 +65 -59 +70 -8 -21 +81 -10 -78 -88 +99 -5 +35 +14 -12 -116 -4 -17 -29 -73 +24 -39 +96 -36 -109 -101 -60 -77 +49 +83 -106 -46 +26 +111 +42 -119 -31 +105 -118 +107 -104 -15 +84 +120 +48 -123 -113 +76 -95 +74 +55 +103 +80 +34 -40 +47 +50 +94 -6 -44 -61 -41 +54 -87 -112 -25 -93 -30 +98 -66 +43 +28 -7 -102 -19 +63)
(+1 +2 +3 +4 +116 +12 -14 -35 +5 -99 +88 +78 +10 -81 +21 +8 -70 +59 -65 -68 +11 +75 -91 -108 -67 +53 +100 +117 -115 -22 -71 +57 +114 +121 +86 +27 +72 +110 -85 -13 -52 +69 +20 +16 -45 +23 -79 -92 -125 -89 -33 +82 +32 +9 -56 -62 -37 -122 -126 +64 -51 +18 +124 +90 +38 +58 +97 -17 -29 -73 +24 -39 +96 -36 -109 -101 -60 -77 +49 +83 -106 -46 +26 +111 +42 -119 -31 +105 -118 +107 -104 -15 +84 +120 +48 -123 -113 +76 -95 +74 +55 +103 +80 +34 -40 +47 +50 +94 -6 -44 -61 -41 +54 -87 -112 -25 -93 -30 +98 -66 +43 +28 -7 -102 -19 +63)
(+1 +2 +3 +4 -5 +35 +14 -12 -116 -99 +88 +78 +10 -81 +21 +8 -70 +59 -65 -68 +11 +75 -91 -108 -67 +53 +100 +117 -115 -22 -71 +57 +114 +121 +86 +27 +72 +110 -85 -13 -52 +69 +20 +16 -45 +23 -79 -92 -125 -89 -33 +82 +32 +9 -56 -62 -37 -122 -126 +64 -51 +18 +124 +90 +38 +58 +97 -17 -29 -73 +24 -39 +96 -36 -109 -101 -60 -77 +49 +83 -106 -46 +26 +111 +42 -119 -31 +105 -118 +107 -104 -15 +84 +120 +48 -123 -113 +76 -95 +74 +55 +103 +80 +34 -40 +47 +50 +94 -6 -44 -61 -41 +54 -87 -112 -25 -93 -30 +98 -66 +43 +28 -7 -102 -19 +63)
(+1 +2 +3 +4 +5 +35 +14 -12 -116 -99 +88 +78 +10 -81 +21 +8 -70 +59 -65 -68 +11 +75 -91 -108 -67 +53 +100 +117 -115 -22 -71 +57 +114 +121 +86 +27 +72 +110 -85 -13 -52 +69 +20 +16 -45 +23 -79 -92 -125 -89 -33 +82 +32 +9 -56 -62 -37 -122 -126 +64 -51 +18 +124 +90 +38 +58 +97 -17 -29 -73 +24 -39 +96 -36 -109 -101 -60 -77 +49 +83 -106 -46 +26 +111 +42 -119 -31 +105 -118 +107 -104 -15 +84 +120 +48 -123 -113 +76 -95 +74 +55 +103 +80 +34 -40 +47 +50 +94 -6 -44 -61 -41 +54 -87 -112 -25 -93 -30 +98 -66 +43 +28 -7 -102 -19 +63)
(+1 +2 +3 +4 +5 +6 -94 -50 -47 +40 -34 -80 -103 -55 -74 +95 -76 +113 +123 -48 -120 -84 +15 +104 -107 +118 -105 +31 +119 -42 -111 -26 +46 +106 -83 -49 +77 +60 +101 +109 +36 -96 +39 -24 +73 +29 +17 -97 -58 -38 -90 -124 -18 +51 -64 +126 +122 +37 +62 +56 -9 -32 -82 +33 +89 +125 +92 +79 -23 +45 -16 -20 -69 +52 +13 +85 -110 -72 -27 -86 -121 -114 -57 +71 +22 +115 -117 -100 -53 +67 +108 +91 -75 -11 +68 +65 -59 +70 -8 -21 +81 -10 -78 -88 +99 +116 +12 -14 -35 -44 -61 -41 +54 -87 -112 -25 -93 -30 +98 -66 +43 +28 -7 -102 -19 +63)
(+1 +2 +3 +4 +5 +6 +7 -28 -43 +66 -98 +30 +93 +25 +112 +87 -54 +41 +61 +44 +35 +14 -12 -116 -99 +88 +78 +10 -81 +21 +8 -70 +59 -65 -68 +11 +75 -91 -108 -67 +53 +100 +117 -115 -22 -71 +57 +114 +121 +86 +27 +72 +110 -85 -13 -52 +69 +20 +16 -45 +23 -79 -92 -125 -89 -33 +82 +32 +9 -56 -62 -37 -122 -126 +64 -51 +18 +124 +90 +38 +58 +97 -17 -29 -73 +24 -39 +96 -36 -109 -101 -60 -77 +49 +83 -106 -46 +26 +111 +42 -119 -31 +105 -118 +107 -104 -15 +84 +120 +48 -123 -113 +76 -95 +74 +55 +103 +80 +34 -40 +47 +50 +94 -102 -19 +63)
(+1 +2 +3 +4 +5 +6 +7 -8 -21 +81 -10 -78 -88 +99 +116 +12 -14 -35 -44 -61 -41 +54 -87 -112 -25 -93 -30 +98 -66 +43 +28 -70 +59 -65 -68 +11 +75 -91 -108 -67 +53 +100 +117 -115 -22 -71 +57 +114 +121 +86 +27 +72 +110 -85 -13 -52 +69 +20 +16 -45 +23 -79 -92 -125 -89 -33 +82 +32 +9 -56 -62 -37 -122 -126 +64 -51 +18 +124 +90 +38 +58 +97 -17 -29 -73 +24 -39 +96 -36 -109 -101 -60 -77 +49 +83 -106 -46 +26 +111 +42 -119 -31 +105 -118 +107 -104 -15 +84 +120 +48 -123 -113 +76 -95 +74 +55 +103 +80 +34 -40 +47 +50 +94 -102 -19 +63)
(+1 +2 +3 +4 +5 +6 +7 +8 -21 +81 -10 -78 -88 +99 +116 +12 -14 -35 -44 -61 -41 +54 -87 -112 -25 -93 -30 +98 -66 +43 +28 -70 +59 -65 -68 +11 +75 -91 -108 -67 +53 +100 +117 -115 -22 -71 +57 +114 +121 +86 +27 +72 +110 -85 -13 -52 +69 +20 +16 -45 +23 -79 -92 -125 -89 -33 +82 +32 +9 -56 -62 -37 -122 -126 +64 -51 +18 +124 +90 +38 +58 +97 -17 -29 -73 +24 -39 +96 -36 -109 -101 -60 -77 +49 +83 -106 -46 +26 +111 +42 -119 -31 +105 -118 +107 -104 -15 +84 +120 +48 -123 -113 +76 -95 +74 +55 +103 +80 +34 -40 +47 +50 +94 -102 -19 +63)
(+1 +2 +3 +4 +5 +6 +7 +8 -9 -32 -82 +33 +89 +125 +92 +79 -23 +45 -16 -20 -69 +52 +13 +85 -110 -72 -27 -86 -121 -114 -57 +71 +22 +115 -117 -100 -53 +67 +108 +91 -75 -11 +68 +65 -59 +70 -28 -43 +66 -98 +30 +93 +25 +112 +87 -54 +41 +61 +44 +35 +14 -12 -116 -99 +88 +78 +10 -81 +21 -56 -62 -37 -122 -126 +64 -51 +18 +124 +90 +38 +58 +97 -17 -29 -73 +24 -39 +96 -36 -109 -101 -60 -77 +49 +83 -106 -46 +26 +111 +42 -119 -31 +105 -118 +107 -104 -15 +84 +120 +48 -123 -113 +76 -95 +74 +55 +103 +80 +34 -40 +47 +50 +94 -102 -19 +63)
(+1 +2 +3 +4 +5 +6 +7 +8 +9 -32 -82 +33 +89 +125 +92 +79 -23 +45 -16 -20 -69 +52 +13 +85 -110 -72 -27 -86 -121 -114 -57 +71 +22 +115 -117 -100 -53 +67 +108 +91 -75 -11 +68 +65 -59 +70 -28 -43 +66 -98 +30 +93 +25 +112 +87 -54 +41 +61 +44 +35 +14 -12 -116 -99 +88 +78 +10 -81 +21 -56 -62 -37 -122 -126 +64 -51 +18 +124 +90 +38 +58 +97 -17 -29 -73 +24 -39 +96 -36 -109 -101 -60 -77 +49 +83 -106 -46 +26 +111 +42 -119 -31 +105 -118 +107 -104 -15 +84 +120 +48 -123 -113 +76 -95 +74 +55 +103 +80 +34 -40 +47 +50 +94 -102 -19 +63)
(+1 +2 +3 +4 +5 +6 +7 +8 +9 -10 -78 -88 +99 +116 +12 -14 -35 -44 -61 -41 +54 -87 -112 -25 -93 -30 +98 -66 +43 +28 -70 +59 -65 -68 +11 +75 -91 -108 -67 +53 +100 +117 -115 -22 -71 +57 +114 +121 +86 +27 +72 +110 -85 -13 -52 +69 +20 +16 -45 +23 -79 -92 -125 -89 -33 +82 +32 -81 +21 -56 -62 -37 -122 -126 +64 -51 +18 +124 +90 +38 +58 +97 -17 -29 -73 +24 -39 +96 -36 -109 -101 -60 -77 +49 +83 -106 -46 +26 +111 +42 -119 -31 +105 -118 +107 -104 -15 +84 +120 +48 -123 -113 +76 -95 +74 +55 +103 +80 +34 -40 +47 +50 +94 -102 -19 +63)
(+1 +2 +3 +4 +5 +6 +7 +8 +9 +10 -78 -88 +99 +116 +12 -14 -35 -44 -61 -41 +54 -87 -112 -25 -93 -30 +98 -66 +43 +28 -70 +59 -65 -68 +11 +75 -91 -108 -67 +53 +100 +117 -115 -22 -71 +57 +114 +121 +86 +27 +72 +110 -85 -13 -52 +69 +20 +16 -45 +23 -79 -92 -125 -89 -33 +82 +32 -81 +21 -56 -62 -37 -122 -126 +64 -51 +18 +124 +90 +38 +58 +97 -17 -29 -73 +24 -39 +96 -36 -109 -101 -60 -77 +49 +83 -106 -46 +26 +111 +42 -119 -31 +105 -118 +107 -104 -15 +84 +120 +48 -123 -113 +76 -95 +74 +55 +103 +80 +34 -40 +47 +50 +94 -102 -19 +63)
(+1 +2 +3 +4 +5 +6 +7 +8 +9 +10 -11 +68 +65 -59 +70 -28 -43 +66 -98 +30 +93 +25 +112 +87 -54 +41 +61 +44 +35 +14 -12 -116 -99 +88 +78 +75 -91 -108 -67 +53 +100 +117 -115 -22 -71 +57 +114 +121 +86 +27 +72 +110 -85 -13 -52 +69 +20 +16 -45 +23 -79 -92 -125 -89 -33 +82 +32 -81 +21 -56 -62 -37 -122 -126 +64 -51 +18 +124 +90 +38 +58 +97 -17 -29 -73 +24 -39 +96 -36 -109 -101 -60 -77 +49 +83 -106 -46 +26 +111 +42 -119 -31 +105 -118 +107 -104 -15 +84 +120 +48 -123 -113 +76 -95 +74 +55 +103 +80 +34 -40 +47 +50 +94 -102 -19 +63)
(+1 +2 +3 +4 +5 +6 +7 +8 +9 +10 +11 +68 +65 -59 +70 -28 -43 +66 -98 +30 +93 +25 +112 +87 -54 +41 +61 +44 +35 +14 -12 -116 -99 +88 +78 +75 -91 -108 -67 +53 +100 +117 -115 -22 -71 +57 +114 +121 +86 +27 +72 +110 -85 -13 -52 +69 +20 +16 -45 +23 -79 -92 -125 -89 -33 +82 +32 -81 +21 -56 -62 -37 -122 -126 +64 -51 +18 +124 +90 +38 +58 +97 -17 -29 -73 +24 -39 +96 -36 -109 -101 -60 -77 +49 +83 -106 -46 +26 +111 +42 -119 -31 +105 -118 +107 -104 -15 +84 +120 +48 -123 -113 +76 -95 +74 +55 +103 +80 +34 -40 +47 +50 +94 -102 -19 +63)
(+1 +2 +3 +4 +5 +6 +7 +8 +9 +10 +11 +12 -14 -35 -44 -61 -41 +54 -87 -112 -25 -93 -30 +98 -66 +43 +28 -70 +59 -65 -68 -116 -99 +88 +78 +75 -91 -108 -67 +53 +100 +117 -115 -22 -71 +57 +114 +121 +86 +27 +72 +110 -85 -13 -52 +69 +20 +16 -45 +23 -79 -92 -125 -89 -33 +82 +32 -81 +21 -56 -62 -37 -122 -126 +64 -51 +18 +124 +90 +38 +58 +97 -17 -29 -73 +24 -39 +96 -36 -109 -101 -60 -77 +49 +83 -106 -46 +26 +111 +42 -119 -31 +105 -118 +107 -104 -15 +84 +120 +48 -123 -113 +76 -95 +74 +55 +103 +80 +34 -40 +47 +50 +94 -102 -19 +63)
(+1 +2 +3 +4 +5 +6 +7 +8 +9 +10 +11 +12 +13 +85 -110 -72 -27 -86 -121 -114 -57 +71 +22 +115 -117 -100 -53 +67 +108 +91 -75 -78 -88 +99 +116 +68 +65 -59 +70 -28 -43 +66 -98 +30 +93 +25 +112 +87 -54 +41 +61 +44 +35 +14 -52 +69 +20 +16 -45 +23 -79 -92 -125 -89 -33 +82 +32 -81 +21 -56 -62 -37 -122 -126 +64 -51 +18 +124 +90 +38 +58 +97 -17 -29 -73 +24 -39 +96 -36 -109 -101 -60 -77 +49 +83 -106 -46 +26 +111 +42 -119 -31 +105 -118 +107 -104 -15 +84 +120 +48 -123 -113 +76 -95 +74 +55 +103 +80 +34 -40 +47 +50 +94 -102 -19 +63)
(+1 +2 +3 +4 +5 +6 +7 +8 +9 +10 +11 +12 +13 -14 -35 -44 -61 -41 +54 -87 -112 -25 -93 -30 +98 -66 +43 +28 -70 +59 -65 -68 -116 -99 +88 +78 +75 -91 -108 -67 +53 +100 +117 -115 -22 -71 +57 +114 +121 +86 +27 +72 +110 -85 -52 +69 +20 +16 -45 +23 -79 -92 -125 -89 -33 +82 +32 -81 +21 -56 -62 -37 -122 -126 +64 -51 +18 +124 +90 +38 +58 +97 -17 -29 -73 +24 -39 +96 -36 -109 -101 -60 -77 +49 +83 -106 -46 +26 +111 +42 -119 -31 +105 -118 +107 -104 -15 +84 +120 +48 -123 -113 +76 -95 +74 +55 +103 +80 +34 -40 +47 +50 +94 -102 -19 +63)
(+1 +2 +3 +4 +5 +6 +7 +8 +9 +10 +11 +12 +13 +14 -35 -44 -61 -41 +54 -87 -112 -25 -93 -30 +98 -66 +43 +28 -70 +59 -65 -68 -116 -99 +88 +78 +75 -91 -108 -67 +53 +100 +117 -115 -22 -71 +57 +114 +121 +86 +27 +72 +110 -85 -52 +69 +20 +16 -45 +23 -79 -92 -125 -89 -33 +82 +32 -81 +21 -56 -62 -37 -122 -126 +64 -51 +18 +124 +90 +38 +58 +97 -17 -29 -73 +24 -39 +96 -36 -109 -101 -60 -77 +49 +83 -106 -46 +26 +111 +42 -119 -31 +105 -118 +107 -104 -15 +84 +120 +48 -123 -113 +76 -95 +74 +55 +103 +80 +34 -40 +47 +50 +94 -102 -19 +63)
(+1 +2 +3 +4 +5 +6 +7 +8 +9 +10 +11 +12 +13 +14 +15 +104 -107 +118 -105 +31 +119 -42 -111 -26 +46 +106 -83 -49 +77 +60 +101 +109 +36 -96 +39 -24 +73 +29 +17 -97 -58 -38 -90 -124 -18 +51 -64 +126 +122 +37 +62 +56 -21 +81 -32 -82 +33 +89 +125 +92 +79 -23 +45 -16 -20 -69 +52 +85 -110 -72 -27 -86 -121 -114 -57 +71 +22 +115 -117 -100 -53 +67 +108 +91 -75 -78 -88 +99 +116 +68 +65 -59 +70 -28 -43 +66 -98 +30 +93 +25 +112 +87 -54 +41 +61 +44 +35 +84 +120 +48 -123 -113 +76 -95 +74 +55 +103 +80 +34 -40 +47 +50 +94 -102 -19 +63)
(+1 +2 +3 +4 +5 +6 +7 +8 +9 +10 +11 +12 +13 +14 +15 +16 -45 +23 -79 -92 -125 -89 -33 +82 +32 -81 +21 -56 -62 -37 -122 -126 +64 -51 +18 +124 +90 +38 +58 +97 -17 -29 -73 +24 -39 +96 -36 -109 -101 -60 -77 +49 +83 -106 -46 +26 +111 +42 -119 -31 +105 -118 +107 -104 -20 -69 +52 +85 -110 -72 -27 -86 -121 -114 -57 +71 +22 +115 -117 -100 -53 +67 +108 +91 -75 -78 -88 +99 +116 +68 +65 -59 +70 -28 -43 +66 -98 +30 +93 +25 +112 +87 -54 +41 +61 +44 +35 +84 +120 +48 -123 -113 +76 -95 +74 +55 +103 +80 +34 -40 +47 +50 +94 -102 -19 +63)
(+1 +2 +3 +4 +5 +6 +7 +8 +9 +10 +11 +12 +13 +14 +15 +16 +17 -97 -58 -38 -90 -124 -18 +51 -64 +126 +122 +37 +62 +56 -21 +81 -32 -82 +33 +89 +125 +92 +79 -23 +45 -29 -73 +24 -39 +96 -36 -109 -101 -60 -77 +49 +83 -106 -46 +26 +111 +42 -119 -31 +105 -118 +107 -104 -20 -69 +52 +85 -110 -72 -27 -86 -121 -114 -57 +71 +22 +115 -117 -100 -53 +67 +108 +91 -75 -78 -88 +99 +116 +68 +65 -59 +70 -28 -43 +66 -98 +30 +93 +25 +112 +87 -54 +41 +61 +44 +35 +84 +120 +48 -123 -113 +76 -95 +74 +55 +103 +80 +34 -40 +47 +50 +94 -102 -19 +63)
(+1 +2 +3 +4 +5 +6 +7 +8 +9 +10 +11 +12 +13 +14 +15 +16 +17 +18 +124 +90 +38 +58 +97 +51 -64 +126 +122 +37 +62 +56 -21 +81 -32 -82 +33 +89 +125 +92 +79 -23 +45 -29 -73 +24 -39 +96 -36 -109 -101 -60 -77 +49 +83 -106 -46 +26 +111 +42 -119 -31 +105 -118 +107 -104 -20 -69 +52 +85 -110 -72 -27 -86 -121 -114 -57 +71 +22 +115 -117 -100 -53 +67 +108 +91 -75 -78 -88 +99 +116 +68 +65 -59 +70 -28 -43 +66 -98 +30 +93 +25 +112 +87 -54 +41 +61 +44 +35 +84 +120 +48 -123 -113 +76 -95 +74 +55 +103 +80 +34 -40 +47 +50 +94 -102 -19 +63)
(+1 +2 +3 +4 +5 +6 +7 +8 +9 +10 +11 +12 +13 +14 +15 +16 +17 +18 +19 +102 -94 -50 -47 +40 -34 -80 -103 -55 -74 +95 -76 +113 +123 -48 -120 -84 -35 -44 -61 -41 +54 -87 -112 -25 -93 -30 +98 -66 +43 +28 -70 +59 -65 -68 -116 -99 +88 +78 +75 -91 -108 -67 +53 +100 +117 -115 -22 -71 +57 +114 +121 +86 +27 +72 +110 -85 -52 +69 +20 +104 -107 +118 -105 +31 +119 -42 -111 -26 +46 +106 -83 -49 +77 +60 +101 +109 +36 -96 +39 -24 +73 +29 -45 +23 -79 -92 -125 -89 -33 +82 +32 -81 +21 -56 -62 -37 -122 -126 +64 -51 -97 -58 -38 -90 -124 +63)
(+1 +2 +3 +4 +5 +6 +7 +8 +9 +10 +11 +12 +13 +14 +15 +16 +17 +18 +19 -20 -69 +52 +85 -110 -72 -27 -86 -121 -114 -57 +71 +22 +115 -117 -100 -53 +67 +108 +91 -75 -78 -88 +99 +116 +68 +65 -59 +70 -28 -43 +66 -98 +30 +93 +25 +112 +87 -54 +41 +61 +44 +35 +84 +120 +48 -123 -113 +76 -95 +74 +55 +103 +80 +34 -40 +47 +50 +94 -102 +104 -107 +118 -105 +31 +119 -42 -111 -26 +46 +106 -83 -49 +77 +60 +101 +109 +36 -96 +39 -24 +73 +29 -45 +23 -79 -92 -125 -89 -33 +82 +32 -81 +21 -56 -62 -37 -122 -126 +64 -51 -97 -58 -38 -90 -124 +63)
(+1 +2 +3 +4 +5 +6 +7 +8 +9 +10 +11 +12 +13 +14 +15 +16 +17 +18 +19 +20 -69 +52 +85 -110 -72 -27 -86 -121 -114 -57 +71 +22 +115 -117 -100 -53 +67 +108 +91 -75 -78 -88 +99 +116 +68 +65 -59 +70 -28 -43 +66 -98 +30 +93 +25 +112 +87 -54 +41 +61 +44 +35 +84 +120 +48 -123 -113 +76 -95 +74 +55 +103 +80 +34 -40 +47 +50 +94 -102 +104 -107 +118 -105 +31 +119 -42 -111 -26 +46 +106 -83 -49 +77 +60 +101 +109 +36 -96 +39 -24 +73 +29 -45 +23 -79 -92 -125 -89 -33 +82 +32 -81 +21 -56 -62 -37 -122 -126 +64 -51 -97 -58 -38 -90 -124 +63)
(+1 +2 +3 +4 +5 +6 +7 +8 +9 +10 +11 +12 +13 +14 +15 +16 +17 +18 +19 +20 -21 +81 -32 -82 +33 +89 +125 +92 +79 -23 +45 -29 -73 +24 -39 +96 -36 -109 -101 -60 -77 +49 +83 -106 -46 +26 +111 +42 -119 -31 +105 -118 +107 -104 +102 -94 -50 -47 +40 -34 -80 -103 -55 -74 +95 -76 +113 +123 -48 -120 -84 -35 -44 -61 -41 +54 -87 -112 -25 -93 -30 +98 -66 +43 +28 -70 +59 -65 -68 -116 -99 +88 +78 +75 -91 -108 -67 +53 +100 +117 -115 -22 -71 +57 +114 +121 +86 +27 +72 +110 -85 -52 +69 -56 -62 -37 -122 -126 +64 -51 -97 -58 -38 -90 -124 +63)
(+1 +2 +3 +4 +5 +6 +7 +8 +9 +10 +11 +12 +13 +14 +15 +16 +17 +18 +19 +20 +21 +81 -32 -82 +33 +89 +125 +92 +79 -23 +45 -29 -73 +24 -39 +96 -36 -109 -101 -60 -77 +49 +83 -106 -46 +26 +111 +42 -119 -31 +105 -118 +107 -104 +102 -94 -50 -47 +40 -34 -80 -103 -55 -74 +95 -76 +113 +123 -48 -120 -84 -35 -44 -61 -41 +54 -87 -112 -25 -93 -30 +98 -66 +43 +28 -70 +59 -65 -68 -116 -99 +88 +78 +75 -91 -108 -67 +53 +100 +117 -115 -22 -71 +57 +114 +121 +86 +27 +72 +110 -85 -52 +69 -56 -62 -37 -122 -126 +64 -51 -97 -58 -38 -90 -124 +63)
(+1 +2 +3 +4 +5 +6 +7 +8 +9 +10 +11 +12 +13 +14 +15 +16 +17 +18 +19 +20 +21 +22 +115 -117 -100 -53 +67 +108 +91 -75 -78 -88 +99 +116 +68 +65 -59 +70 -28 -43 +66 -98 +30 +93 +25 +112 +87 -54 +41 +61 +44 +35 +84 +120 +48 -123 -113 +76 -95 +74 +55 +103 +80 +34 -40 +47 +50 +94 -102 +104 -107 +118 -105 +31 +119 -42 -111 -26 +46 +106 -83 -49 +77 +60 +101 +109 +36 -96 +39 -24 +73 +29 -45 +23 -79 -92 -125 -89 -33 +82 +32 -81 -71 +57 +114 +121 +86 +27 +72 +110 -85 -52 +69 -56 -62 -37 -122 -126 +64 -51 -97 -58 -38 -90 -124 +63)
(+1 +2 +3 +4 +5 +6 +7 +8 +9 +10 +11 +12 +13 +14 +15 +16 +17 +18 +19 +20 +21 +22 -23 +45 -29 -73 +24 -39 +96 -36 -109 -101 -60 -77 +49 +83 -106 -46 +26 +111 +42 -119 -31 +105 -118 +107 -104 +102 -94 -50 -47 +40 -34 -80 -103 -55 -74 +95 -76 +113 +123 -48 -120 -84 -35 -44 -61 -41 +54 -87 -112 -25 -93 -30 +98 -66 +43 +28 -70 +59 -65 -68 -116 -99 +88 +78 +75 -91 -108 -67 +53 +100 +117 -115 -79 -92 -125 -89 -33 +82 +32 -81 -71 +57 +114 +121 +86 +27 +72 +110 -85 -52 +69 -56 -62 -37 -122 -126 +64 -51 -97 -58 -38 -90 -124 +63)
(+1 +2 +3 +4 +5 +6 +7 +8 +9 +10 +11 +12 +13 +14 +15 +16 +17 +18 +19 +20 +21 +22 +23 +45 -29 -73 +24 -39 +96 -36 -109 -101 -60 -77 +49 +83 -106 -46 +26 +111 +42 -119 -31 +105 -118 +107 -104 +102 -94 -50 -47 +40 -34 -80 -103 -55 -74 +95 -76 +113 +123 -48 -120 -84 -35 -44 -61 -41 +54 -87 -112 -25 -93 -30 +98 -66 +43 +28 -70 +59 -65 -68 -116 -99 +88 +78 +75 -91 -108 -67 +53 +100 +117 -115 -79 -92 -125 -89 -33 +82 +32 -81 -71 +57 +114 +121 +86 +27 +72 +110 -85 -52 +69 -56 -62 -37 -122 -126 +64 -51 -97 -58 -38 -90 -124 +63)
(+1 +2 +3 +4 +5 +6 +7 +8 +9 +10 +11 +12 +13 +14 +15 +16 +17 +18 +19 +20 +21 +22 +23 -24 +73 +29 -45 -39 +96 -36 -109 -101 -60 -77 +49 +83 -106 -46 +26 +111 +42 -119 -31 +105 -118 +107 -104 +102 -94 -50 -47 +40 -34 -80 -103 -55 -74 +95 -76 +113 +123 -48 -120 -84 -35 -44 -61 -41 +54 -87 -112 -25 -93 -30 +98 -66 +43 +28 -70 +59 -65 -68 -116 -99 +88 +78 +75 -91 -108 -67 +53 +100 +117 -115 -79 -92 -125 -89 -33 +82 +32 -81 -71 +57 +114 +121 +86 +27 +72 +110 -85 -52 +69 -56 -62 -37 -122 -126 +64 -51 -97 -58 -38 -90 -124 +63)
(+1 +2 +3 +4 +5 +6 +7 +8 +9 +10 +11 +12 +13 +14 +15 +16 +17 +18 +19 +20 +21 +22 +23 +24 +73 +29 -45 -39 +96 -36 -109 -101 -60 -77 +49 +83 -106 -46 +26 +111 +42 -119 -31 +105 -118 +107 -104 +102 -94 -50 -47 +40 -34 -80 -103 -55 -74 +95 -76 +113 +123 -48 -120 -84 -35 -44 -61 -41 +54 -87 -112 -25 -93 -30 +98 -66 +43 +28 -70 +59 -65 -68 -116 -99 +88 +78 +75 -91 -108 -67 +53 +100 +117 -115 -79 -92 -125 -89 -33 +82 +32 -81 -71 +57 +114 +121 +86 +27 +72 +110 -85 -52 +69 -56 -62 -37 -122 -126 +64 -51 -97 -58 -38 -90 -124 +63)
(+1 +2 +3 +4 +5 +6 +7 +8 +9 +10 +11 +12 +13 +14 +15 +16 +17 +18 +19 +20 +21 +22 +23 +24 +25 +112 +87 -54 +41 +61 +44 +35 +84 +120 +48 -123 -113 +76 -95 +74 +55 +103 +80 +34 -40 +47 +50 +94 -102 +104 -107 +118 -105 +31 +119 -42 -111 -26 +46 +106 -83 -49 +77 +60 +101 +109 +36 -96 +39 +45 -29 -73 -93 -30 +98 -66 +43 +28 -70 +59 -65 -68 -116 -99 +88 +78 +75 -91 -108 -67 +53 +100 +117 -115 -79 -92 -125 -89 -33 +82 +32 -81 -71 +57 +114 +121 +86 +27 +72 +110 -85 -52 +69 -56 -62 -37 -122 -126 +64 -51 -97 -58 -38 -90 -124 +63)
(+1 +2 +3 +4 +5 +6 +7 +8 +9 +10 +11 +12 +13 +14 +15 +16 +17 +18 +19 +20 +21 +22 +23 +24 +25 +26 +111 +42 -119 -31 +105 -118 +107 -104 +102 -94 -50 -47 +40 -34 -80 -103 -55 -74 +95 -76 +113 +123 -48 -120 -84 -35 -44 -61 -41 +54 -87 -112 +46 +106 -83 -49 +77 +60 +101 +109 +36 -96 +39 +45 -29 -73 -93 -30 +98 -66 +43 +28 -70 +59 -65 -68 -116 -99 +88 +78 +75 -91 -108 -67 +53 +100 +117 -115 -79 -92 -125 -89 -33 +82 +32 -81 -71 +57 +114 +121 +86 +27 +72 +110 -85 -52 +69 -56 -62 -37 -122 -126 +64 -51 -97 -58 -38 -90 -124 +63)
(+1 +2 +3 +4 +5 +6 +7 +8 +9 +10 +11 +12 +13 +14 +15 +16 +17 +18 +19 +20 +21 +22 +23 +24 +25 +26 -27 -86 -121 -114 -57 +71 +81 -32 -82 +33 +89 +125 +92 +79 +115 -117 -100 -53 +67 +108 +91 -75 -78 -88 +99 +116 +68 +65 -59 +70 -28 -43 +66 -98 +30 +93 +73 +29 -45 -39 +96 -36 -109 -101 -60 -77 +49 +83 -106 -46 +112 +87 -54 +41 +61 +44 +35 +84 +120 +48 -123 -113 +76 -95 +74 +55 +103 +80 +34 -40 +47 +50 +94 -102 +104 -107 +118 -105 +31 +119 -42 -111 +72 +110 -85 -52 +69 -56 -62 -37 -122 -126 +64 -51 -97 -58 -38 -90 -124 +63)
(+1 +2 +3 +4 +5 +6 +7 +8 +9 +10 +11 +12 +13 +14 +15 +16 +17 +18 +19 +20 +21 +22 +23 +24 +25 +26 +27 -86 -121 -114 -57 +71 +81 -32 -82 +33 +89 +125 +92 +79 +115 -117 -100 -53 +67 +108 +91 -75 -78 -88 +99 +116 +68 +65 -59 +70 -28 -43 +66 -98 +30 +93 +73 +29 -45 -39 +96 -36 -109 -101 -60 -77 +49 +83 -106 -46 +112 +87 -54 +41 +61 +44 +35 +84 +120 +48 -123 -113 +76 -95 +74 +55 +103 +80 +34 -40 +47 +50 +94 -102 +104 -107 +118 -105 +31 +119 -42 -111 +72 +110 -85 -52 +69 -56 -62 -37 -122 -126 +64 -51 -97 -58 -38 -90 -124 +63)
(+1 +2 +3 +4 +5 +6 +7 +8 +9 +10 +11 +12 +13 +14 +15 +16 +17 +18 +19 +20 +21 +22 +23 +24 +25 +26 +27 +28 -70 +59 -65 -68 -116 -99 +88 +78 +75 -91 -108 -67 +53 +100 +117 -115 -79 -92 -125 -89 -33 +82 +32 -81 -71 +57 +114 +121 +86 -43 +66 -98 +30 +93 +73 +29 -45 -39 +96 -36 -109 -101 -60 -77 +49 +83 -106 -46 +112 +87 -54 +41 +61 +44 +35 +84 +120 +48 -123 -113 +76 -95 +74 +55 +103 +80 +34 -40 +47 +50 +94 -102 +104 -107 +118 -105 +31 +119 -42 -111 +72 +110 -85 -52 +69 -56 -62 -37 -122 -126 +64 -51 -97 -58 -38 -90 -124 +63)
(+1 +2 +3 +4 +5 +6 +7 +8 +9 +10 +11 +12 +13 +14 +15 +16 +17 +18 +19 +20 +21 +22 +23 +24 +25 +26 +27 +28 -29 -73 -93 -30 +98 -66 +43 -86 -121 -114 -57 +71 +81 -32 -82 +33 +89 +125 +92 +79 +115 -117 -100 -53 +67 +108 +91 -75 -78 -88 +99 +116 +68 +65 -59 +70 -45 -39 +96 -36 -109 -101 -60 -77 +49 +83 -106 -46 +112 +87 -54 +41 +61 +44 +35 +84 +120 +48 -123 -113 +76 -95 +74 +55 +103 +80 +34 -40 +47 +50 +94 -102 +104 -107 +118 -105 +31 +119 -42 -111 +72 +110 -85 -52 +69 -56 -62 -37 -122 -126 +64 -51 -97 -58 -38 -90 -124 +63)
(+1 +2 +3 +4 +5 +6 +7 +8 +9 +10 +11 +12 +13 +14 +15 +16 +17 +18 +19 +20 +21 +22 +23 +24 +25 +26 +27 +28 +29 -73 -93 -30 +98 -66 +43 -86 -121 -114 -57 +71 +81 -32 -82 +33 +89 +125 +92 +79 +115 -117 -100 -53 +67 +108 +91 -75 -78 -88 +99 +116 +68 +65 -59 +70 -45 -39 +96 -36 -109 -101 -60 -77 +49 +83 -106 -46 +112 +87 -54 +41 +61 +44 +35 +84 +120 +48 -123 -113 +76 -95 +74 +55 +103 +80 +34 -40 +47 +50 +94 -102 +104 -107 +118 -105 +31 +119 -42 -111 +72 +110 -85 -52 +69 -56 -62 -37 -122 -126 +64 -51 -97 -58 -38 -90 -124 +63)
(+1 +2 +3 +4 +5 +6 +7 +8 +9 +10 +11 +12 +13 +14 +15 +16 +17 +18 +19 +20 +21 +22 +23 +24 +25 +26 +27 +28 +29 +30 +93 +73 +98 -66 +43 -86 -121 -114 -57 +71 +81 -32 -82 +33 +89 +125 +92 +79 +115 -117 -100 -53 +67 +108 +91 -75 -78 -88 +99 +116 +68 +65 -59 +70 -45 -39 +96 -36 -109 -101 -60 -77 +49 +83 -106 -46 +112 +87 -54 +41 +61 +44 +35 +84 +120 +48 -123 -113 +76 -95 +74 +55 +103 +80 +34 -40 +47 +50 +94 -102 +104 -107 +118 -105 +31 +119 -42 -111 +72 +110 -85 -52 +69 -56 -62 -37 -122 -126 +64 -51 -97 -58 -38 -90 -124 +63)
(+1 +2 +3 +4 +5 +6 +7 +8 +9 +10 +11 +12 +13 +14 +15 +16 +17 +18 +19 +20 +21 +22 +23 +24 +25 +26 +27 +28 +29 +30 -31 +105 -118 +107 -104 +102 -94 -50 -47 +40 -34 -80 -103 -55 -74 +95 -76 +113 +123 -48 -120 -84 -35 -44 -61 -41 +54 -87 -112 +46 +106 -83 -49 +77 +60 +101 +109 +36 -96 +39 +45 -70 +59 -65 -68 -116 -99 +88 +78 +75 -91 -108 -67 +53 +100 +117 -115 -79 -92 -125 -89 -33 +82 +32 -81 -71 +57 +114 +121 +86 -43 +66 -98 -73 -93 +119 -42 -111 +72 +110 -85 -52 +69 -56 -62 -37 -122 -126 +64 -51 -97 -58 -38 -90 -124 +63)
(+1 +2 +3 +4 +5 +6 +7 +8 +9 +10 +11 +12 +13 +14 +15 +16 +17 +18 +19 +20 +21 +22 +23 +24 +25 +26 +27 +28 +29 +30 +31 +105 -118 +107 -104 +102 -94 -50 -47 +40 -34 -80 -103 -55 -74 +95 -76 +113 +123 -48 -120 -84 -35 -44 -61 -41 +54 -87 -112 +46 +106 -83 -49 +77 +60 +101 +109 +36 -96 +39 +45 -70 +59 -65 -68 -116 -99 +88 +78 +75 -91 -108 -67 +53 +100 +117 -115 -79 -92 -125 -89 -33 +82 +32 -81 -71 +57 +114 +121 +86 -43 +66 -98 -73 -93 +119 -42 -111 +72 +110 -85 -52 +69 -56 -62 -37 -122 -126 +64 -51 -97 -58 -38 -90 -124 +63)
(+1 +2 +3 +4 +5 +6 +7 +8 +9 +10 +11 +12 +13 +14 +15 +16 +17 +18 +19 +20 +21 +22 +23 +24 +25 +26 +27 +28 +29 +30 +31 -32 -82 +33 +89 +125 +92 +79 +115 -117 -100 -53 +67 +108 +91 -75 -78 -88 +99 +116 +68 +65 -59 +70 -45 -39 +96 -36 -109 -101 -60 -77 +49 +83 -106 -46 +112 +87 -54 +41 +61 +44 +35 +84 +120 +48 -123 -113 +76 -95 +74 +55 +103 +80 +34 -40 +47 +50 +94 -102 +104 -107 +118 -105 -81 -71 +57 +114 +121 +86 -43 +66 -98 -73 -93 +119 -42 -111 +72 +110 -85 -52 +69 -56 -62 -37 -122 -126 +64 -51 -97 -58 -38 -90 -124 +63)
(+1 +2 +3 +4 +5 +6 +7 +8 +9 +10 +11 +12 +13 +14 +15 +16 +17 +18 +19 +20 +21 +22 +23 +24 +25 +26 +27 +28 +29 +30 +31 +32 -82 +33 +89 +125 +92 +79 +115 -117 -100 -53 +67 +108 +91 -75 -78 -88 +99 +116 +68 +65 -59 +70 -45 -39 +96 -36 -109 -101 -60 -77 +49 +83 -106 -46 +112 +87 -54 +41 +61 +44 +35 +84 +120 +48 -123 -113 +76 -95 +74 +55 +103 +80 +34 -40 +47 +50 +94 -102 +104 -107 +118 -105 -81 -71 +57 +114 +121 +86 -43 +66 -98 -73 -93 +119 -42 -111 +72 +110 -85 -52 +69 -56 -62 -37 -122 -126 +64 -51 -97 -58 -38 -90 -124 +63)
(+1 +2 +3 +4 +5 +6 +7 +8 +9 +10 +11 +12 +13 +14 +15 +16 +17 +18 +19 +20 +21 +22 +23 +24 +25 +26 +27 +28 +29 +30 +31 +32 -33 +82 +89 +125 +92 +79 +115 -117 -100 -53 +67 +108 +91 -75 -78 -88 +99 +116 +68 +65 -59 +70 -45 -39 +96 -36 -109 -101 -60 -77 +49 +83 -106 -46 +112 +87 -54 +41 +61 +44 +35 +84 +120 +48 -123 -113 +76 -95 +74 +55 +103 +80 +34 -40 +47 +50 +94 -102 +104 -107 +118 -105 -81 -71 +57 +114 +121 +86 -43 +66 -98 -73 -93 +119 -42 -111 +72 +110 -85 -52 +69 -56 -62 -37 -122 -126 +64 -51 -97 -58 -38 -90 -124 +63)
(+1 +2 +3 +4 +5 +6 +7 +8 +9 +10 +11 +12 +13 +14 +15 +16 +17 +18 +19 +20 +21 +22 +23 +24 +25 +26 +27 +28 +29 +30 +31 +32 +33 +82 +89 +125 +92 +79 +115 -117 -100 -53 +67 +108 +91 -75 -78 -88 +99 +116 +68 +65 -59 +70 -45 -39 +96 -36 -109 -101 -60 -77 +49 +83 -106 -46 +112 +87 -54 +41 +61 +44 +35 +84 +120 +48 -123 -113 +76 -95 +74 +55 +103 +80 +34 -40 +47 +50 +94 -102 +104 -107 +118 -105 -81 -71 +57 +114 +121 +86 -43 +66 -98 -73 -93 +119 -42 -111 +72 +110 -85 -52 +69 -56 -62 -37 -122 -126 +64 -51 -97 -58 -38 -90 -124 +63)
(+1 +2 +3 +4 +5 +6 +7 +8 +9 +10 +11 +12 +13 +14 +15 +16 +17 +18 +19 +20 +21 +22 +23 +24 +25 +26 +27 +28 +29 +30 +31 +32 +33 -34 -80 -103 -55 -74 +95 -76 +113 +123 -48 -120 -84 -35 -44 -61 -41 +54 -87 -112 +46 +106 -83 -49 +77 +60 +101 +109 +36 -96 +39 +45 -70 +59 -65 -68 -116 -99 +88 +78 +75 -91 -108 -67 +53 +100 +117 -115 -79 -92 -125 -89 -82 -40 +47 +50 +94 -102 +104 -107 +118 -105 -81 -71 +57 +114 +121 +86 -43 +66 -98 -73 -93 +119 -42 -111 +72 +110 -85 -52 +69 -56 -62 -37 -122 -126 +64 -51 -97 -58 -38 -90 -124 +63)
(+1 +2 +3 +4 +5 +6 +7 +8 +9 +10 +11 +12 +13 +14 +15 +16 +17 +18 +19 +20 +21 +22 +23 +24 +25 +26 +27 +28 +29 +30 +31 +32 +33 +34 -80 -103 -55 -74 +95 -76 +113 +123 -48 -120 -84 -35 -44 -61 -41 +54 -87 -112 +46 +106 -83 -49 +77 +60 +101 +109 +36 -96 +39 +45 -70 +59 -65 -68 -116 -99 +88 +78 +75 -91 -108 -67 +53 +100 +117 -115 -79 -92 -125 -89 -82 -40 +47 +50 +94 -102 +104 -107 +118 -105 -81 -71 +57 +114 +121 +86 -43 +66 -98 -73 -93 +119 -42 -111 +72 +110 -85 -52 +69 -56 -62 -37 -122 -126 +64 -51 -97 -58 -38 -90 -124 +63)
(+1 +2 +3 +4 +5 +6 +7 +8 +9 +10 +11 +12 +13 +14 +15 +16 +17 +18 +19 +20 +21 +22 +23 +24 +25 +26 +27 +28 +29 +30 +31 +32 +33 +34 +35 +84 +120 +48 -123 -113 +76 -95 +74 +55 +103 +80 -44 -61 -41 +54 -87 -112 +46 +106 -83 -49 +77 +60 +101 +109 +36 -96 +39 +45 -70 +59 -65 -68 -116 -99 +88 +78 +75 -91 -108 -67 +53 +100 +117 -115 -79 -92 -125 -89 -82 -40 +47 +50 +94 -102 +104 -107 +118 -105 -81 -71 +57 +114 +121 +86 -43 +66 -98 -73 -93 +119 -42 -111 +72 +110 -85 -52 +69 -56 -62 -37 -122 -126 +64 -51 -97 -58 -38 -90 -124 +63)
(+1 +2 +3 +4 +5 +6 +7 +8 +9 +10 +11 +12 +13 +14 +15 +16 +17 +18 +19 +20 +21 +22 +23 +24 +25 +26 +27 +28 +29 +30 +31 +32 +33 +34 +35 -36 -109 -101 -60 -77 +49 +83 -106 -46 +112 +87 -54 +41 +61 +44 -80 -103 -55 -74 +95 -76 +113 +123 -48 -120 -84 -96 +39 +45 -70 +59 -65 -68 -116 -99 +88 +78 +75 -91 -108 -67 +53 +100 +117 -115 -79 -92 -125 -89 -82 -40 +47 +50 +94 -102 +104 -107 +118 -105 -81 -71 +57 +114 +121 +86 -43 +66 -98 -73 -93 +119 -42 -111 +72 +110 -85 -52 +69 -56 -62 -37 -122 -126 +64 -51 -97 -58 -38 -90 -124 +63)
(+1 +2 +3 +4 +5 +6 +7 +8 +9 +10 +11 +12 +13 +14 +15 +16 +17 +18 +19 +20 +21 +22 +23 +24 +25 +26 +27 +28 +29 +30 +31 +32 +33 +34 +35 +36 -109 -101 -60 -77 +49 +83 -106 -46 +112 +87 -54 +41 +61 +44 -80 -103 -55 -74 +95 -76 +113 +123 -48 -120 -84 -96 +39 +45 -70 +59 -65 -68 -116 -99 +88 +78 +75 -91 -108 -67 +53 +100 +117 -115 -79 -92 -125 -89 -82 -40 +47 +50 +94 -102 +104 -107 +118 -105 -81 -71 +57 +114 +121 +86 -43 +66 -98 -73 -93 +119 -42 -111 +72 +110 -85 -52 +69 -56 -62 -37 -122 -126 +64 -51 -97 -58 -38 -90 -124 +63)
(+1 +2 +3 +4 +5 +6 +7 +8 +9 +10 +11 +12 +13 +14 +15 +16 +17 +18 +19 +20 +21 +22 +23 +24 +25 +26 +27 +28 +29 +30 +31 +32 +33 +34 +35 +36 +37 +62 +56 -69 +52 +85 -110 -72 +111 +42 -119 +93 +73 +98 -66 +43 -86 -121 -114 -57 +71 +81 +105 -118 +107 -104 +102 -94 -50 -47 +40 +82 +89 +125 +92 +79 +115 -117 -100 -53 +67 +108 +91 -75 -78 -88 +99 +116 +68 +65 -59 +70 -45 -39 +96 +84 +120 +48 -123 -113 +76 -95 +74 +55 +103 +80 -44 -61 -41 +54 -87 -112 +46 +106 -83 -49 +77 +60 +101 +109 -122 -126 +64 -51 -97 -58 -38 -90 -124 +63)
(+1 +2 +3 +4 +5 +6 +7 +8 +9 +10 +11 +12 +13 +14 +15 +16 +17 +18 +19 +20 +21 +22 +23 +24 +25 +26 +27 +28 +29 +30 +31 +32 +33 +34 +35 +36 +37 +38 +58 +97 +51 -64 +126 +122 -109 -101 -60 -77 +49 +83 -106 -46 +112 +87 -54 +41 +61 +44 -80 -103 -55 -74 +95 -76 +113 +123 -48 -120 -84 -96 +39 +45 -70 +59 -65 -68 -116 -99 +88 +78 +75 -91 -108 -67 +53 +100 +117 -115 -79 -92 -125 -89 -82 -40 +47 +50 +94 -102 +104 -107 +118 -105 -81 -71 +57 +114 +121 +86 -43 +66 -98 -73 -93 +119 -42 -111 +72 +110 -85 -52 +69 -56 -62 -90 -124 +63)
(+1 +2 +3 +4 +5 +6 +7 +8 +9 +10 +11 +12 +13 +14 +15 +16 +17 +18 +19 +20 +21 +22 +23 +24 +25 +26 +27 +28 +29 +30 +31 +32 +33 +34 +35 +36 +37 +38 -39 +96 +84 +120 +48 -123 -113 +76 -95 +74 +55 +103 +80 -44 -61 -41 +54 -87 -112 +46 +106 -83 -49 +77 +60 +101 +109 -122 -126 +64 -51 -97 -58 +45 -70 +59 -65 -68 -116 -99 +88 +78 +75 -91 -108 -67 +53 +100 +117 -115 -79 -92 -125 -89 -82 -40 +47 +50 +94 -102 +104 -107 +118 -105 -81 -71 +57 +114 +121 +86 -43 +66 -98 -73 -93 +119 -42 -111 +72 +110 -85 -52 +69 -56 -62 -90 -124 +63)
(+1 +2 +3 +4 +5 +6 +7 +8 +9 +10 +11 +12 +13 +14 +15 +16 +17 +18 +19 +20 +21 +22 +23 +24 +25 +26 +27 +28 +29 +30 +31 +32 +33 +34 +35 +36 +37 +38 +39 +96 +84 +120 +48 -123 -113 +76 -95 +74 +55 +103 +80 -44 -61 -41 +54 -87 -112 +46 +106 -83 -49 +77 +60 +101 +109 -122 -126 +64 -51 -97 -58 +45 -70 +59 -65 -68 -116 -99 +88 +78 +75 -91 -108 -67 +53 +100 +117 -115 -79 -92 -125 -89 -82 -40 +47 +50 +94 -102 +104 -107 +118 -105 -81 -71 +57 +114 +121 +86 -43 +66 -98 -73 -93 +119 -42 -111 +72 +110 -85 -52 +69 -56 -62 -90 -124 +63)
(+1 +2 +3 +4 +5 +6 +7 +8 +9 +10 +11 +12 +13 +14 +15 +16 +17 +18 +19 +20 +21 +22 +23 +24 +25 +26 +27 +28 +29 +30 +31 +32 +33 +34 +35 +36 +37 +38 +39 +40 +82 +89 +125 +92 +79 +115 -117 -100 -53 +67 +108 +91 -75 -78 -88 +99 +116 +68 +65 -59 +70 -45 +58 +97 +51 -64 +126 +122 -109 -101 -60 -77 +49 +83 -106 -46 +112 +87 -54 +41 +61 +44 -80 -103 -55 -74 +95 -76 +113 +123 -48 -120 -84 -96 +47 +50 +94 -102 +104 -107 +118 -105 -81 -71 +57 +114 +121 +86 -43 +66 -98 -73 -93 +119 -42 -111 +72 +110 -85 -52 +69 -56 -62 -90 -124 +63)
(+1 +2 +3 +4 +5 +6 +7 +8 +9 +10 +11 +12 +13 +14 +15 +16 +17 +18 +19 +20 +21 +22 +23 +24 +25 +26 +27 +28 +29 +30 +31 +32 +33 +34 +35 +36 +37 +38 +39 +40 -41 +54 -87 -112 +46 +106 -83 -49 +77 +60 +101 +109 -122 -126 +64 -51 -97 -58 +45 -70 +59 -65 -68 -116 -99 +88 +78 +75 -91 -108 -67 +53 +100 +117 -115 -79 -92 -125 -89 -82 +61 +44 -80 -103 -55 -74 +95 -76 +113 +123 -48 -120 -84 -96 +47 +50 +94 -102 +104 -107 +118 -105 -81 -71 +57 +114 +121 +86 -43 +66 -98 -73 -93 +119 -42 -111 +72 +110 -85 -52 +69 -56 -62 -90 -124 +63)
(+1 +2 +3 +4 +5 +6 +7 +8 +9 +10 +11 +12 +13 +14 +15 +16 +17 +18 +19 +20 +21 +22 +23 +24 +25 +26 +27 +28 +29 +30 +31 +32 +33 +34 +35 +36 +37 +38 +39 +40 +41 +54 -87 -112 +46 +106 -83 -49 +77 +60 +101 +109 -122 -126 +64 -51 -97 -58 +45 -70 +59 -65 -68 -116 -99 +88 +78 +75 -91 -108 -67 +53 +100 +117 -115 -79 -92 -125 -89 -82 +61 +44 -80 -103 -55 -74 +95 -76 +113 +123 -48 -120 -84 -96 +47 +50 +94 -102 +104 -107 +118 -105 -81 -71 +57 +114 +121 +86 -43 +66 -98 -73 -93 +119 -42 -111 +72 +110 -85 -52 +69 -56 -62 -90 -124 +63)
(+1 +2 +3 +4 +5 +6 +7 +8 +9 +10 +11 +12 +13 +14 +15 +16 +17 +18 +19 +20 +21 +22 +23 +24 +25 +26 +27 +28 +29 +30 +31 +32 +33 +34 +35 +36 +37 +38 +39 +40 +41 +42 -119 +93 +73 +98 -66 +43 -86 -121 -114 -57 +71 +81 +105 -118 +107 -104 +102 -94 -50 -47 +96 +84 +120 +48 -123 -113 +76 -95 +74 +55 +103 +80 -44 -61 +82 +89 +125 +92 +79 +115 -117 -100 -53 +67 +108 +91 -75 -78 -88 +99 +116 +68 +65 -59 +70 -45 +58 +97 +51 -64 +126 +122 -109 -101 -60 -77 +49 +83 -106 -46 +112 +87 -54 -111 +72 +110 -85 -52 +69 -56 -62 -90 -124 +63)
(+1 +2 +3 +4 +5 +6 +7 +8 +9 +10 +11 +12 +13 +14 +15 +16 +17 +18 +19 +20 +21 +22 +23 +24 +25 +26 +27 +28 +29 +30 +31 +32 +33 +34 +35 +36 +37 +38 +39 +40 +41 +42 -43 +66 -98 -73 -93 +119 -86 -121 -114 -57 +71 +81 +105 -118 +107 -104 +102 -94 -50 -47 +96 +84 +120 +48 -123 -113 +76 -95 +74 +55 +103 +80 -44 -61 +82 +89 +125 +92 +79 +115 -117 -100 -53 +67 +108 +91 -75 -78 -88 +99 +116 +68 +65 -59 +70 -45 +58 +97 +51 -64 +126 +122 -109 -101 -60 -77 +49 +83 -106 -46 +112 +87 -54 -111 +72 +110 -85 -52 +69 -56 -62 -90 -124 +63)
(+1 +2 +3 +4 +5 +6 +7 +8 +9 +10 +11 +12 +13 +14 +15 +16 +17 +18 +19 +20 +21 +22 +23 +24 +25 +26 +27 +28 +29 +30 +31 +32 +33 +34 +35 +36 +37 +38 +39 +40 +41 +42 +43 +66 -98 -73 -93 +119 -86 -121 -114 -57 +71 +81 +105 -118 +107 -104 +102 -94 -50 -47 +96 +84 +120 +48 -123 -113 +76 -95 +74 +55 +103 +80 -44 -61 +82 +89 +125 +92 +79 +115 -117 -100 -53 +67 +108 +91 -75 -78 -88 +99 +116 +68 +65 -59 +70 -45 +58 +97 +51 -64 +126 +122 -109 -101 -60 -77 +49 +83 -106 -46 +112 +87 -54 -111 +72 +110 -85 -52 +69 -56 -62 -90 -124 +63)
(+1 +2 +3 +4 +5 +6 +7 +8 +9 +10 +11 +12 +13 +14 +15 +16 +17 +18 +19 +20 +21 +22 +23 +24 +25 +26 +27 +28 +29 +30 +31 +32 +33 +34 +35 +36 +37 +38 +39 +40 +41 +42 +43 +44 -80 -103 -55 -74 +95 -76 +113 +123 -48 -120 -84 -96 +47 +50 +94 -102 +104 -107 +118 -105 -81 -71 +57 +114 +121 +86 -119 +93 +73 +98 -66 -61 +82 +89 +125 +92 +79 +115 -117 -100 -53 +67 +108 +91 -75 -78 -88 +99 +116 +68 +65 -59 +70 -45 +58 +97 +51 -64 +126 +122 -109 -101 -60 -77 +49 +83 -106 -46 +112 +87 -54 -111 +72 +110 -85 -52 +69 -56 -62 -90 -124 +63)
(+1 +2 +3 +4 +5 +6 +7 +8 +9 +10 +11 +12 +13 +14 +15 +16 +17 +18 +19 +20 +21 +22 +23 +24 +25 +26 +27 +28 +29 +30 +31 +32 +33 +34 +35 +36 +37 +38 +39 +40 +41 +42 +43 +44 +45 -70 +59 -65 -68 -116 -99 +88 +78 +75 -91 -108 -67 +53 +100 +117 -115 -79 -92 -125 -89 -82 +61 +66 -98 -73 -93 +119 -86 -121 -114 -57 +71 +81 +105 -118 +107 -104 +102 -94 -50 -47 +96 +84 +120 +48 -123 -113 +76 -95 +74 +55 +103 +80 +58 +97 +51 -64 +126 +122 -109 -101 -60 -77 +49 +83 -106 -46 +112 +87 -54 -111 +72 +110 -85 -52 +69 -56 -62 -90 -124 +63)
(+1 +2 +3 +4 +5 +6 +7 +8 +9 +10 +11 +12 +13 +14 +15 +16 +17 +18 +19 +20 +21 +22 +23 +24 +25 +26 +27 +28 +29 +30 +31 +32 +33 +34 +35 +36 +37 +38 +39 +40 +41 +42 +43 +44 +45 +46 +106 -83 -49 +77 +60 +101 +109 -122 -126 +64 -51 -97 -58 -80 -103 -55 -74 +95 -76 +113 +123 -48 -120 -84 -96 +47 +50 +94 -102 +104 -107 +118 -105 -81 -71 +57 +114 +121 +86 -119 +93 +73 +98 -66 -61 +82 +89 +125 +92 +79 +115 -117 -100 -53 +67 +108 +91 -75 -78 -88 +99 +116 +68 +65 -59 +70 +112 +87 -54 -111 +72 +110 -85 -52 +69 -56 -62 -90 -124 +63)
(+1 +2 +3 +4 +5 +6 +7 +8 +9 +10 +11 +12 +13 +14 +15 +16 +17 +18 +19 +20 +21 +22 +23 +24 +25 +26 +27 +28 +29 +30 +31 +32 +33 +34 +35 +36 +37 +38 +39 +40 +41 +42 +43 +44 +45 +46 -47 +96 +84 +120 +48 -123 -113 +76 -95 +74 +55 +103 +80 +58 +97 +51 -64 +126 +122 -109 -101 -60 -77 +49 +83 -106 +50 +94 -102 +104 -107 +118 -105 -81 -71 +57 +114 +121 +86 -119 +93 +73 +98 -66 -61 +82 +89 +125 +92 +79 +115 -117 -100 -53 +67 +108 +91 -75 -78 -88 +99 +116 +68 +65 -59 +70 +112 +87 -54 -111 +72 +110 -85 -52 +69 -56 -62 -90 -124 +63)
(+1 +2 +3 +4 +5 +6 +7 +8 +9 +10 +11 +12 +13 +14 +15 +16 +17 +18 +19 +20 +21 +22 +23 +24 +25 +26 +27 +28 +29 +30 +31 +32 +33 +34 +35 +36 +37 +38 +39 +40 +41 +42 +43 +44 +45 +46 +47 +96 +84 +120 +48 -123 -113 +76 -95 +74 +55 +103 +80 +58 +97 +51 -64 +126 +122 -109 -101 -60 -77 +49 +83 -106 +50 +94 -102 +104 -107 +118 -105 -81 -71 +57 +114 +121 +86 -119 +93 +73 +98 -66 -61 +82 +89 +125 +92 +79 +115 -117 -100 -53 +67 +108 +91 -75 -78 -88 +99 +116 +68 +65 -59 +70 +112 +87 -54 -111 +72 +110 -85 -52 +69 -56 -62 -90 -124 +63)
(+1 +2 +3 +4 +5 +6 +7 +8 +9 +10 +11 +12 +13 +14 +15 +16 +17 +18 +19 +20 +21 +22 +23 +24 +25 +26 +27 +28 +29 +30 +31 +32 +33 +34 +35 +36 +37 +38 +39 +40 +41 +42 +43 +44 +45 +46 +47 -48 -120 -84 -96 -123 -113 +76 -95 +74 +55 +103 +80 +58 +97 +51 -64 +126 +122 -109 -101 -60 -77 +49 +83 -106 +50 +94 -102 +104 -107 +118 -105 -81 -71 +57 +114 +121 +86 -119 +93 +73 +98 -66 -61 +82 +89 +125 +92 +79 +115 -117 -100 -53 +67 +108 +91 -75 -78 -88 +99 +116 +68 +65 -59 +70 +112 +87 -54 -111 +72 +110 -85 -52 +69 -56 -62 -90 -124 +63)
(+1 +2 +3 +4 +5 +6 +7 +8 +9 +10 +11 +12 +13 +14 +15 +16 +17 +18 +19 +20 +21 +22 +23 +24 +25 +26 +27 +28 +29 +30 +31 +32 +33 +34 +35 +36 +37 +38 +39 +40 +41 +42 +43 +44 +45 +46 +47 +48 -120 -84 -96 -123 -113 +76 -95 +74 +55 +103 +80 +58 +97 +51 -64 +126 +122 -109 -101 -60 -77 +49 +83 -106 +50 +94 -102 +104 -107 +118 -105 -81 -71 +57 +114 +121 +86 -119 +93 +73 +98 -66 -61 +82 +89 +125 +92 +79 +115 -117 -100 -53 +67 +108 +91 -75 -78 -88 +99 +116 +68 +65 -59 +70 +112 +87 -54 -111 +72 +110 -85 -52 +69 -56 -62 -90 -124 +63)
(+1 +2 +3 +4 +5 +6 +7 +8 +9 +10 +11 +12 +13 +14 +15 +16 +17 +18 +19 +20 +21 +22 +23 +24 +25 +26 +27 +28 +29 +30 +31 +32 +33 +34 +35 +36 +37 +38 +39 +40 +41 +42 +43 +44 +45 +46 +47 +48 -49 +77 +60 +101 +109 -122 -126 +64 -51 -97 -58 -80 -103 -55 -74 +95 -76 +113 +123 +96 +84 +120 +83 -106 +50 +94 -102 +104 -107 +118 -105 -81 -71 +57 +114 +121 +86 -119 +93 +73 +98 -66 -61 +82 +89 +125 +92 +79 +115 -117 -100 -53 +67 +108 +91 -75 -78 -88 +99 +116 +68 +65 -59 +70 +112 +87 -54 -111 +72 +110 -85 -52 +69 -56 -62 -90 -124 +63)
(+1 +2 +3 +4 +5 +6 +7 +8 +9 +10 +11 +12 +13 +14 +15 +16 +17 +18 +19 +20 +21 +22 +23 +24 +25 +26 +27 +28 +29 +30 +31 +32 +33 +34 +35 +36 +37 +38 +39 +40 +41 +42 +43 +44 +45 +46 +47 +48 +49 +77 +60 +101 +109 -122 -126 +64 -51 -97 -58 -80 -103 -55 -74 +95 -76 +113 +123 +96 +84 +120 +83 -106 +50 +94 -102 +104 -107 +118 -105 -81 -71 +57 +114 +121 +86 -119 +93 +73 +98 -66 -61 +82 +89 +125 +92 +79 +115 -117 -100 -53 +67 +108 +91 -75 -78 -88 +99 +116 +68 +65 -59 +70 +112 +87 -54 -111 +72 +110 -85 -52 +69 -56 -62 -90 -124 +63)
(+1 +2 +3 +4 +5 +6 +7 +8 +9 +10 +11 +12 +13 +14 +15 +16 +17 +18 +19 +20 +21 +22 +23 +24 +25 +26 +27 +28 +29 +30 +31 +32 +33 +34 +35 +36 +37 +38 +39 +40 +41 +42 +43 +44 +45 +46 +47 +48 +49 -50 +106 -83 -120 -84 -96 -123 -113 +76 -95 +74 +55 +103 +80 +58 +97 +51 -64 +126 +122 -109 -101 -60 -77 +94 -102 +104 -107 +118 -105 -81 -71 +57 +114 +121 +86 -119 +93 +73 +98 -66 -61 +82 +89 +125 +92 +79 +115 -117 -100 -53 +67 +108 +91 -75 -78 -88 +99 +116 +68 +65 -59 +70 +112 +87 -54 -111 +72 +110 -85 -52 +69 -56 -62 -90 -124 +63)
(+1 +2 +3 +4 +5 +6 +7 +8 +9 +10 +11 +12 +13 +14 +15 +16 +17 +18 +19 +20 +21 +22 +23 +24 +25 +26 +27 +28 +29 +30 +31 +32 +33 +34 +35 +36 +37 +38 +39 +40 +41 +42 +43 +44 +45 +46 +47 +48 +49 +50 +106 -83 -120 -84 -96 -123 -113 +76 -95 +74 +55 +103 +80 +58 +97 +51 -64 +126 +122 -109 -101 -60 -77 +94 -102 +104 -107 +118 -105 -81 -71 +57 +114 +121 +86 -119 +93 +73 +98 -66 -61 +82 +89 +125 +92 +79 +115 -117 -100 -53 +67 +108 +91 -75 -78 -88 +99 +116 +68 +65 -59 +70 +112 +87 -54 -111 +72 +110 -85 -52 +69 -56 -62 -90 -124 +63)
(+1 +2 +3 +4 +5 +6 +7 +8 +9 +10 +11 +12 +13 +14 +15 +16 +17 +18 +19 +20 +21 +22 +23 +24 +25 +26 +27 +28 +29 +30 +31 +32 +33 +34 +35 +36 +37 +38 +39 +40 +41 +42 +43 +44 +45 +46 +47 +48 +49 +50 -51 -97 -58 -80 -103 -55 -74 +95 -76 +113 +123 +96 +84 +120 +83 -106 -64 +126 +122 -109 -101 -60 -77 +94 -102 +104 -107 +118 -105 -81 -71 +57 +114 +121 +86 -119 +93 +73 +98 -66 -61 +82 +89 +125 +92 +79 +115 -117 -100 -53 +67 +108 +91 -75 -78 -88 +99 +116 +68 +65 -59 +70 +112 +87 -54 -111 +72 +110 -85 -52 +69 -56 -62 -90 -124 +63)
(+1 +2 +3 +4 +5 +6 +7 +8 +9 +10 +11 +12 +13 +14 +15 +16 +17 +18 +19 +20 +21 +22 +23 +24 +25 +26 +27 +28 +29 +30 +31 +32 +33 +34 +35 +36 +37 +38 +39 +40 +41 +42 +43 +44 +45 +46 +47 +48 +49 +50 +51 -97 -58 -80 -103 -55 -74 +95 -76 +113 +123 +96 +84 +120 +83 -106 -64 +126 +122 -109 -101 -60 -77 +94 -102 +104 -107 +118 -105 -81 -71 +57 +114 +121 +86 -119 +93 +73 +98 -66 -61 +82 +89 +125 +92 +79 +115 -117 -100 -53 +67 +108 +91 -75 -78 -88 +99 +116 +68 +65 -59 +70 +112 +87 -54 -111 +72 +110 -85 -52 +69 -56 -62 -90 -124 +63)
(+1 +2 +3 +4 +5 +6 +7 +8 +9 +10 +11 +12 +13 +14 +15 +16 +17 +18 +19 +20 +21 +22 +23 +24 +25 +26 +27 +28 +29 +30 +31 +32 +33 +34 +35 +36 +37 +38 +39 +40 +41 +42 +43 +44 +45 +46 +47 +48 +49 +50 +51 +52 +85 -110 -72 +111 +54 -87 -112 -70 +59 -65 -68 -116 -99 +88 +78 +75 -91 -108 -67 +53 +100 +117 -115 -79 -92 -125 -89 -82 +61 +66 -98 -73 -93 +119 -86 -121 -114 -57 +71 +81 +105 -118 +107 -104 +102 -94 +77 +60 +101 +109 -122 -126 +64 +106 -83 -120 -84 -96 -123 -113 +76 -95 +74 +55 +103 +80 +58 +97 +69 -56 -62 -90 -124 +63)
(+1 +2 +3 +4 +5 +6 +7 +8 +9 +10 +11 +12 +13 +14 +15 +16 +17 +18 +19 +20 +21 +22 +23 +24 +25 +26 +27 +28 +29 +30 +31 +32 +33 +34 +35 +36 +37 +38 +39 +40 +41 +42 +43 +44 +45 +46 +47 +48 +49 +50 +51 +52 -53 +67 +108 +91 -75 -78 -88 +99 +116 +68 +65 -59 +70 +112 +87 -54 -111 +72 +110 -85 +100 +117 -115 -79 -92 -125 -89 -82 +61 +66 -98 -73 -93 +119 -86 -121 -114 -57 +71 +81 +105 -118 +107 -104 +102 -94 +77 +60 +101 +109 -122 -126 +64 +106 -83 -120 -84 -96 -123 -113 +76 -95 +74 +55 +103 +80 +58 +97 +69 -56 -62 -90 -124 +63)
(+1 +2 +3 +4 +5 +6 +7 +8 +9 +10 +11 +12 +13 +14 +15 +16 +17 +18 +19 +20 +21 +22 +23 +24 +25 +26 +27 +28 +29 +30 +31 +32 +33 +34 +35 +36 +37 +38 +39 +40 +41 +42 +43 +44 +45 +46 +47 +48 +49 +50 +51 +52 +53 +67 +108 +91 -75 -78 -88 +99 +116 +68 +65 -59 +70 +112 +87 -54 -111 +72 +110 -85 +100 +117 -115 -79 -92 -125 -89 -82 +61 +66 -98 -73 -93 +119 -86 -121 -114 -57 +71 +81 +105 -118 +107 -104 +102 -94 +77 +60 +101 +109 -122 -126 +64 +106 -83 -120 -84 -96 -123 -113 +76 -95 +74 +55 +103 +80 +58 +97 +69 -56 -62 -90 -124 +63)
(+1 +2 +3 +4 +5 +6 +7 +8 +9 +10 +11 +12 +13 +14 +15 +16 +17 +18 +19 +20 +21 +22 +23 +24 +25 +26 +27 +28 +29 +30 +31 +32 +33 +34 +35 +36 +37 +38 +39 +40 +41 +42 +43 +44 +45 +46 +47 +48 +49 +50 +51 +52 +53 +54 -87 -112 -70 +59 -65 -68 -116 -99 +88 +78 +75 -91 -108 -67 -111 +72 +110 -85 +100 +117 -115 -79 -92 -125 -89 -82 +61 +66 -98 -73 -93 +119 -86 -121 -114 -57 +71 +81 +105 -118 +107 -104 +102 -94 +77 +60 +101 +109 -122 -126 +64 +106 -83 -120 -84 -96 -123 -113 +76 -95 +74 +55 +103 +80 +58 +97 +69 -56 -62 -90 -124 +63)
(+1 +2 +3 +4 +5 +6 +7 +8 +9 +10 +11 +12 +13 +14 +15 +16 +17 +18 +19 +20 +21 +22 +23 +24 +25 +26 +27 +28 +29 +30 +31 +32 +33 +34 +35 +36 +37 +38 +39 +40 +41 +42 +43 +44 +45 +46 +47 +48 +49 +50 +51 +52 +53 +54 -55 -74 +95 -76 +113 +123 +96 +84 +120 +83 -106 -64 +126 +122 -109 -101 -60 -77 +94 -102 +104 -107 +118 -105 -81 -71 +57 +114 +121 +86 -119 +93 +73 +98 -66 -61 +82 +89 +125 +92 +79 +115 -117 -100 +85 -110 -72 +111 +67 +108 +91 -75 -78 -88 +99 +116 +68 +65 -59 +70 +112 +87 +103 +80 +58 +97 +69 -56 -62 -90 -124 +63)
(+1 +2 +3 +4 +5 +6 +7 +8 +9 +10 +11 +12 +13 +14 +15 +16 +17 +18 +19 +20 +21 +22 +23 +24 +25 +26 +27 +28 +29 +30 +31 +32 +33 +34 +35 +36 +37 +38 +39 +40 +41 +42 +43 +44 +45 +46 +47 +48 +49 +50 +51 +52 +53 +54 +55 -74 +95 -76 +113 +123 +96 +84 +120 +83 -106 -64 +126 +122 -109 -101 -60 -77 +94 -102 +104 -107 +118 -105 -81 -71 +57 +114 +121 +86 -119 +93 +73 +98 -66 -61 +82 +89 +125 +92 +79 +115 -117 -100 +85 -110 -72 +111 +67 +108 +91 -75 -78 -88 +99 +116 +68 +65 -59 +70 +112 +87 +103 +80 +58 +97 +69 -56 -62 -90 -124 +63)
(+1 +2 +3 +4 +5 +6 +7 +8 +9 +10 +11 +12 +13 +14 +15 +16 +17 +18 +19 +20 +21 +22 +23 +24 +25 +26 +27 +28 +29 +30 +31 +32 +33 +34 +35 +36 +37 +38 +39 +40 +41 +42 +43 +44 +45 +46 +47 +48 +49 +50 +51 +52 +53 +54 +55 +56 -69 -97 -58 -80 -103 -87 -112 -70 +59 -65 -68 -116 -99 +88 +78 +75 -91 -108 -67 -111 +72 +110 -85 +100 +117 -115 -79 -92 -125 -89 -82 +61 +66 -98 -73 -93 +119 -86 -121 -114 -57 +71 +81 +105 -118 +107 -104 +102 -94 +77 +60 +101 +109 -122 -126 +64 +106 -83 -120 -84 -96 -123 -113 +76 -95 +74 -62 -90 -124 +63)
(+1 +2 +3 +4 +5 +6 +7 +8 +9 +10 +11 +12 +13 +14 +15 +16 +17 +18 +19 +20 +21 +22 +23 +24 +25 +26 +27 +28 +29 +30 +31 +32 +33 +34 +35 +36 +37 +38 +39 +40 +41 +42 +43 +44 +45 +46 +47 +48 +49 +50 +51 +52 +53 +54 +55 +56 +57 +114 +121 +86 -119 +93 +73 +98 -66 -61 +82 +89 +125 +92 +79 +115 -117 -100 +85 -110 -72 +111 +67 +108 +91 -75 -78 -88 +99 +116 +68 +65 -59 +70 +112 +87 +103 +80 +58 +97 +69 +71 +81 +105 -118 +107 -104 +102 -94 +77 +60 +101 +109 -122 -126 +64 +106 -83 -120 -84 -96 -123 -113 +76 -95 +74 -62 -90 -124 +63)
(+1 +2 +3 +4 +5 +6 +7 +8 +9 +10 +11 +12 +13 +14 +15 +16 +17 +18 +19 +20 +21 +22 +23 +24 +25 +26 +27 +28 +29 +30 +31 +32 +33 +34 +35 +36 +37 +38 +39 +40 +41 +42 +43 +44 +45 +46 +47 +48 +49 +50 +51 +52 +53 +54 +55 +56 +57 -58 -80 -103 -87 -112 -70 +59 -65 -68 -116 -99 +88 +78 +75 -91 -108 -67 -111 +72 +110 -85 +100 +117 -115 -79 -92 -125 -89 -82 +61 +66 -98 -73 -93 +119 -86 -121 -114 +97 +69 +71 +81 +105 -118 +107 -104 +102 -94 +77 +60 +101 +109 -122 -126 +64 +106 -83 -120 -84 -96 -123 -113 +76 -95 +74 -62 -90 -124 +63)
(+1 +2 +3 +4 +5 +6 +7 +8 +9 +10 +11 +12 +13 +14 +15 +16 +17 +18 +19 +20 +21 +22 +23 +24 +25 +26 +27 +28 +29 +30 +31 +32 +33 +34 +35 +36 +37 +38 +39 +40 +41 +42 +43 +44 +45 +46 +47 +48 +49 +50 +51 +52 +53 +54 +55 +56 +57 +58 -80 -103 -87 -112 -70 +59 -65 -68 -116 -99 +88 +78 +75 -91 -108 -67 -111 +72 +110 -85 +100 +117 -115 -79 -92 -125 -89 -82 +61 +66 -98 -73 -93 +119 -86 -121 -114 +97 +69 +71 +81 +105 -118 +107 -104 +102 -94 +77 +60 +101 +109 -122 -126 +64 +106 -83 -120 -84 -96 -123 -113 +76 -95 +74 -62 -90 -124 +63)
(+1 +2 +3 +4 +5 +6 +7 +8 +9 +10 +11 +12 +13 +14 +15 +16 +17 +18 +19 +20 +21 +22 +23 +24 +25 +26 +27 +28 +29 +30 +31 +32 +33 +34 +35 +36 +37 +38 +39 +40 +41 +42 +43 +44 +45 +46 +47 +48 +49 +50 +51 +52 +53 +54 +55 +56 +57 +58 -59 +70 +112 +87 +103 +80 -65 -68 -116 -99 +88 +78 +75 -91 -108 -67 -111 +72 +110 -85 +100 +117 -115 -79 -92 -125 -89 -82 +61 +66 -98 -73 -93 +119 -86 -121 -114 +97 +69 +71 +81 +105 -118 +107 -104 +102 -94 +77 +60 +101 +109 -122 -126 +64 +106 -83 -120 -84 -96 -123 -113 +76 -95 +74 -62 -90 -124 +63)
(+1 +2 +3 +4 +5 +6 +7 +8 +9 +10 +11 +12 +13 +14 +15 +16 +17 +18 +19 +20 +21 +22 +23 +24 +25 +26 +27 +28 +29 +30 +31 +32 +33 +34 +35 +36 +37 +38 +39 +40 +41 +42 +43 +44 +45 +46 +47 +48 +49 +50 +51 +52 +53 +54 +55 +56 +57 +58 +59 +70 +112 +87 +103 +80 -65 -68 -116 -99 +88 +78 +75 -91 -108 -67 -111 +72 +110 -85 +100 +117 -115 -79 -92 -125 -89 -82 +61 +66 -98 -73 -93 +119 -86 -121 -114 +97 +69 +71 +81 +105 -118 +107 -104 +102 -94 +77 +60 +101 +109 -122 -126 +64 +106 -83 -120 -84 -96 -123 -113 +76 -95 +74 -62 -90 -124 +63)
(+1 +2 +3 +4 +5 +6 +7 +8 +9 +10 +11 +12 +13 +14 +15 +16 +17 +18 +19 +20 +21 +22 +23 +24 +25 +26 +27 +28 +29 +30 +31 +32 +33 +34 +35 +36 +37 +38 +39 +40 +41 +42 +43 +44 +45 +46 +47 +48 +49 +50 +51 +52 +53 +54 +55 +56 +57 +58 +59 -60 -77 +94 -102 +104 -107 +118 -105 -81 -71 -69 -97 +114 +121 +86 -119 +93 +73 +98 -66 -61 +82 +89 +125 +92 +79 +115 -117 -100 +85 -110 -72 +111 +67 +108 +91 -75 -78 -88 +99 +116 +68 +65 -80 -103 -87 -112 -70 +101 +109 -122 -126 +64 +106 -83 -120 -84 -96 -123 -113 +76 -95 +74 -62 -90 -124 +63)
(+1 +2 +3 +4 +5 +6 +7 +8 +9 +10 +11 +12 +13 +14 +15 +16 +17 +18 +19 +20 +21 +22 +23 +24 +25 +26 +27 +28 +29 +30 +31 +32 +33 +34 +35 +36 +37 +38 +39 +40 +41 +42 +43 +44 +45 +46 +47 +48 +49 +50 +51 +52 +53 +54 +55 +56 +57 +58 +59 +60 -77 +94 -102 +104 -107 +118 -105 -81 -71 -69 -97 +114 +121 +86 -119 +93 +73 +98 -66 -61 +82 +89 +125 +92 +79 +115 -117 -100 +85 -110 -72 +111 +67 +108 +91 -75 -78 -88 +99 +116 +68 +65 -80 -103 -87 -112 -70 +101 +109 -122 -126 +64 +106 -83 -120 -84 -96 -123 -113 +76 -95 +74 -62 -90 -124 +63)
(+1 +2 +3 +4 +5 +6 +7 +8 +9 +10 +11 +12 +13 +14 +15 +16 +17 +18 +19 +20 +21 +22 +23 +24 +25 +26 +27 +28 +29 +30 +31 +32 +33 +34 +35 +36 +37 +38 +39 +40 +41 +42 +43 +44 +45 +46 +47 +48 +49 +50 +51 +52 +53 +54 +55 +56 +57 +58 +59 +60 +61 +66 -98 -73 -93 +119 -86 -121 -114 +97 +69 +71 +81 +105 -118 +107 -104 +102 -94 +77 +82 +89 +125 +92 +79 +115 -117 -100 +85 -110 -72 +111 +67 +108 +91 -75 -78 -88 +99 +116 +68 +65 -80 -103 -87 -112 -70 +101 +109 -122 -126 +64 +106 -83 -120 -84 -96 -123 -113 +76 -95 +74 -62 -90 -124 +63)
(+1 +2 +3 +4 +5 +6 +7 +8 +9 +10 +11 +12 +13 +14 +15 +16 +17 +18 +19 +20 +21 +22 +23 +24 +25 +26 +27 +28 +29 +30 +31 +32 +33 +34 +35 +36 +37 +38 +39 +40 +41 +42 +43 +44 +45 +46 +47 +48 +49 +50 +51 +52 +53 +54 +55 +56 +57 +58 +59 +60 +61 +62 -74 +95 -76 +113 +123 +96 +84 +120 +83 -106 -64 +126 +122 -109 -101 +70 +112 +87 +103 +80 -65 -68 -116 -99 +88 +78 +75 -91 -108 -67 -111 +72 +110 -85 +100 +117 -115 -79 -92 -125 -89 -82 -77 +94 -102 +104 -107 +118 -105 -81 -71 -69 -97 +114 +121 +86 -119 +93 +73 +98 -66 -90 -124 +63)
(+1 +2 +3 +4 +5 +6 +7 +8 +9 +10 +11 +12 +13 +14 +15 +16 +17 +18 +19 +20 +21 +22 +23 +24 +25 +26 +27 +28 +29 +30 +31 +32 +33 +34 +35 +36 +37 +38 +39 +40 +41 +42 +43 +44 +45 +46 +47 +48 +49 +50 +51 +52 +53 +54 +55 +56 +57 +58 +59 +60 +61 +62 -63 +124 +90 +66 -98 -73 -93 +119 -86 -121 -114 +97 +69 +71 +81 +105 -118 +107 -104 +102 -94 +77 +82 +89 +125 +92 +79 +115 -117 -100 +85 -110 -72 +111 +67 +108 +91 -75 -78 -88 +99 +116 +68 +65 -80 -103 -87 -112 -70 +101 +109 -122 -126 +64 +106 -83 -120 -84 -96 -123 -113 +76 -95 +74)
(+1 +2 +3 +4 +5 +6 +7 +8 +9 +10 +11 +12 +13 +14 +15 +16 +17 +18 +19 +20 +21 +22 +23 +24 +25 +26 +27 +28 +29 +30 +31 +32 +33 +34 +35 +36 +37 +38 +39 +40 +41 +42 +43 +44 +45 +46 +47 +48 +49 +50 +51 +52 +53 +54 +55 +56 +57 +58 +59 +60 +61 +62 +63 +124 +90 +66 -98 -73 -93 +119 -86 -121 -114 +97 +69 +71 +81 +105 -118 +107 -104 +102 -94 +77 +82 +89 +125 +92 +79 +115 -117 -100 +85 -110 -72 +111 +67 +108 +91 -75 -78 -88 +99 +116 +68 +65 -80 -103 -87 -112 -70 +101 +109 -122 -126 +64 +106 -83 -120 -84 -96 -123 -113 +76 -95 +74)
(+1 +2 +3 +4 +5 +6 +7 +8 +9 +10 +11 +12 +13 +14 +15 +16 +17 +18 +19 +20 +21 +22 +23 +24 +25 +26 +27 +28 +29 +30 +31 +32 +33 +34 +35 +36 +37 +38 +39 +40 +41 +42 +43 +44 +45 +46 +47 +48 +49 +50 +51 +52 +53 +54 +55 +56 +57 +58 +59 +60 +61 +62 +63 -64 +126 +122 -109 -101 +70 +112 +87 +103 +80 -65 -68 -116 -99 +88 +78 +75 -91 -108 -67 -111 +72 +110 -85 +100 +117 -115 -79 -92 -125 -89 -82 -77 +94 -102 +104 -107 +118 -105 -81 -71 -69 -97 +114 +121 +86 -119 +93 +73 +98 -66 -90 -124 +106 -83 -120 -84 -96 -123 -113 +76 -95 +74)
(+1 +2 +3 +4 +5 +6 +7 +8 +9 +10 +11 +12 +13 +14 +15 +16 +17 +18 +19 +20 +21 +22 +23 +24 +25 +26 +27 +28 +29 +30 +31 +32 +33 +34 +35 +36 +37 +38 +39 +40 +41 +42 +43 +44 +45 +46 +47 +48 +49 +50 +51 +52 +53 +54 +55 +56 +57 +58 +59 +60 +61 +62 +63 +64 +126 +122 -109 -101 +70 +112 +87 +103 +80 -65 -68 -116 -99 +88 +78 +75 -91 -108 -67 -111 +72 +110 -85 +100 +117 -115 -79 -92 -125 -89 -82 -77 +94 -102 +104 -107 +118 -105 -81 -71 -69 -97 +114 +121 +86 -119 +93 +73 +98 -66 -90 -124 +106 -83 -120 -84 -96 -123 -113 +76 -95 +74)
(+1 +2 +3 +4 +5 +6 +7 +8 +9 +10 +11 +12 +13 +14 +15 +16 +17 +18 +19 +20 +21 +22 +23 +24 +25 +26 +27 +28 +29 +30 +31 +32 +33 +34 +35 +36 +37 +38 +39 +40 +41 +42 +43 +44 +45 +46 +47 +48 +49 +50 +51 +52 +53 +54 +55 +56 +57 +58 +59 +60 +61 +62 +63 +64 +65 -80 -103 -87 -112 -70 +101 +109 -122 -126 -68 -116 -99 +88 +78 +75 -91 -108 -67 -111 +72 +110 -85 +100 +117 -115 -79 -92 -125 -89 -82 -77 +94 -102 +104 -107 +118 -105 -81 -71 -69 -97 +114 +121 +86 -119 +93 +73 +98 -66 -90 -124 +106 -83 -120 -84 -96 -123 -113 +76 -95 +74)
(+1 +2 +3 +4 +5 +6 +7 +8 +9 +10 +11 +12 +13 +14 +15 +16 +17 +18 +19 +20 +21 +22 +23 +24 +25 +26 +27 +28 +29 +30 +31 +32 +33 +34 +35 +36 +37 +38 +39 +40 +41 +42 +43 +44 +45 +46 +47 +48 +49 +50 +51 +52 +53 +54 +55 +56 +57 +58 +59 +60 +61 +62 +63 +64 +65 +66 -98 -73 -93 +119 -86 -121 -114 +97 +69 +71 +81 +105 -118 +107 -104 +102 -94 +77 +82 +89 +125 +92 +79 +115 -117 -100 +85 -110 -72 +111 +67 +108 +91 -75 -78 -88 +99 +116 +68 +126 +122 -109 -101 +70 +112 +87 +103 +80 -90 -124 +106 -83 -120 -84 -96 -123 -113 +76 -95 +74)
(+1 +2 +3 +4 +5 +6 +7 +8 +9 +10 +11 +12 +13 +14 +15 +16 +17 +18 +19 +20 +21 +22 +23 +24 +25 +26 +27 +28 +29 +30 +31 +32 +33 +34 +35 +36 +37 +38 +39 +40 +41 +42 +43 +44 +45 +46 +47 +48 +49 +50 +51 +52 +53 +54 +55 +56 +57 +58 +59 +60 +61 +62 +63 +64 +65 +66 -67 -111 +72 +110 -85 +100 +117 -115 -79 -92 -125 -89 -82 -77 +94 -102 +104 -107 +118 -105 -81 -71 -69 -97 +114 +121 +86 -119 +93 +73 +98 +108 +91 -75 -78 -88 +99 +116 +68 +126 +122 -109 -101 +70 +112 +87 +103 +80 -90 -124 +106 -83 -120 -84 -96 -123 -113 +76 -95 +74)
(+1 +2 +3 +4 +5 +6 +7 +8 +9 +10 +11 +12 +13 +14 +15 +16 +17 +18 +19 +20 +21 +22 +23 +24 +25 +26 +27 +28 +29 +30 +31 +32 +33 +34 +35 +36 +37 +38 +39 +40 +41 +42 +43 +44 +45 +46 +47 +48 +49 +50 +51 +52 +53 +54 +55 +56 +57 +58 +59 +60 +61 +62 +63 +64 +65 +66 +67 -111 +72 +110 -85 +100 +117 -115 -79 -92 -125 -89 -82 -77 +94 -102 +104 -107 +118 -105 -81 -71 -69 -97 +114 +121 +86 -119 +93 +73 +98 +108 +91 -75 -78 -88 +99 +116 +68 +126 +122 -109 -101 +70 +112 +87 +103 +80 -90 -124 +106 -83 -120 -84 -96 -123 -113 +76 -95 +74)
(+1 +2 +3 +4 +5 +6 +7 +8 +9 +10 +11 +12 +13 +14 +15 +16 +17 +18 +19 +20 +21 +22 +23 +24 +25 +26 +27 +28 +29 +30 +31 +32 +33 +34 +35 +36 +37 +38 +39 +40 +41 +42 +43 +44 +45 +46 +47 +48 +49 +50 +51 +52 +53 +54 +55 +56 +57 +58 +59 +60 +61 +62 +63 +64 +65 +66 +67 -68 -116 -99 +88 +78 +75 -91 -108 -98 -73 -93 +119 -86 -121 -114 +97 +69 +71 +81 +105 -118 +107 -104 +102 -94 +77 +82 +89 +125 +92 +79 +115 -117 -100 +85 -110 -72 +111 +126 +122 -109 -101 +70 +112 +87 +103 +80 -90 -124 +106 -83 -120 -84 -96 -123 -113 +76 -95 +74)
(+1 +2 +3 +4 +5 +6 +7 +8 +9 +10 +11 +12 +13 +14 +15 +16 +17 +18 +19 +20 +21 +22 +23 +24 +25 +26 +27 +28 +29 +30 +31 +32 +33 +34 +35 +36 +37 +38 +39 +40 +41 +42 +43 +44 +45 +46 +47 +48 +49 +50 +51 +52 +53 +54 +55 +56 +57 +58 +59 +60 +61 +62 +63 +64 +65 +66 +67 +68 -116 -99 +88 +78 +75 -91 -108 -98 -73 -93 +119 -86 -121 -114 +97 +69 +71 +81 +105 -118 +107 -104 +102 -94 +77 +82 +89 +125 +92 +79 +115 -117 -100 +85 -110 -72 +111 +126 +122 -109 -101 +70 +112 +87 +103 +80 -90 -124 +106 -83 -120 -84 -96 -123 -113 +76 -95 +74)
(+1 +2 +3 +4 +5 +6 +7 +8 +9 +10 +11 +12 +13 +14 +15 +16 +17 +18 +19 +20 +21 +22 +23 +24 +25 +26 +27 +28 +29 +30 +31 +32 +33 +34 +35 +36 +37 +38 +39 +40 +41 +42 +43 +44 +45 +46 +47 +48 +49 +50 +51 +52 +53 +54 +55 +56 +57 +58 +59 +60 +61 +62 +63 +64 +65 +66 +67 +68 -69 -97 +114 +121 +86 -119 +93 +73 +98 +108 +91 -75 -78 -88 +99 +116 +71 +81 +105 -118 +107 -104 +102 -94 +77 +82 +89 +125 +92 +79 +115 -117 -100 +85 -110 -72 +111 +126 +122 -109 -101 +70 +112 +87 +103 +80 -90 -124 +106 -83 -120 -84 -96 -123 -113 +76 -95 +74)
(+1 +2 +3 +4 +5 +6 +7 +8 +9 +10 +11 +12 +13 +14 +15 +16 +17 +18 +19 +20 +21 +22 +23 +24 +25 +26 +27 +28 +29 +30 +31 +32 +33 +34 +35 +36 +37 +38 +39 +40 +41 +42 +43 +44 +45 +46 +47 +48 +49 +50 +51 +52 +53 +54 +55 +56 +57 +58 +59 +60 +61 +62 +63 +64 +65 +66 +67 +68 +69 -97 +114 +121 +86 -119 +93 +73 +98 +108 +91 -75 -78 -88 +99 +116 +71 +81 +105 -118 +107 -104 +102 -94 +77 +82 +89 +125 +92 +79 +115 -117 -100 +85 -110 -72 +111 +126 +122 -109 -101 +70 +112 +87 +103 +80 -90 -124 +106 -83 -120 -84 -96 -123 -113 +76 -95 +74)
(+1 +2 +3 +4 +5 +6 +7 +8 +9 +10 +11 +12 +13 +14 +15 +16 +17 +18 +19 +20 +21 +22 +23 +24 +25 +26 +27 +28 +29 +30 +31 +32 +33 +34 +35 +36 +37 +38 +39 +40 +41 +42 +43 +44 +45 +46 +47 +48 +49 +50 +51 +52 +53 +54 +55 +56 +57 +58 +59 +60 +61 +62 +63 +64 +65 +66 +67 +68 +69 -70 +101 +109 -122 -126 -111 +72 +110 -85 +100 +117 -115 -79 -92 -125 -89 -82 -77 +94 -102 +104 -107 +118 -105 -81 -71 -116 -99 +88 +78 +75 -91 -108 -98 -73 -93 +119 -86 -121 -114 +97 +112 +87 +103 +80 -90 -124 +106 -83 -120 -84 -96 -123 -113 +76 -95 +74)
(+1 +2 +3 +4 +5 +6 +7 +8 +9 +10 +11 +12 +13 +14 +15 +16 +17 +18 +19 +20 +21 +22 +23 +24 +25 +26 +27 +28 +29 +30 +31 +32 +33 +34 +35 +36 +37 +38 +39 +40 +41 +42 +43 +44 +45 +46 +47 +48 +49 +50 +51 +52 +53 +54 +55 +56 +57 +58 +59 +60 +61 +62 +63 +64 +65 +66 +67 +68 +69 +70 +101 +109 -122 -126 -111 +72 +110 -85 +100 +117 -115 -79 -92 -125 -89 -82 -77 +94 -102 +104 -107 +118 -105 -81 -71 -116 -99 +88 +78 +75 -91 -108 -98 -73 -93 +119 -86 -121 -114 +97 +112 +87 +103 +80 -90 -124 +106 -83 -120 -84 -96 -123 -113 +76 -95 +74)
(+1 +2 +3 +4 +5 +6 +7 +8 +9 +10 +11 +12 +13 +14 +15 +16 +17 +18 +19 +20 +21 +22 +23 +24 +25 +26 +27 +28 +29 +30 +31 +32 +33 +34 +35 +36 +37 +38 +39 +40 +41 +42 +43 +44 +45 +46 +47 +48 +49 +50 +51 +52 +53 +54 +55 +56 +57 +58 +59 +60 +61 +62 +63 +64 +65 +66 +67 +68 +69 +70 +71 +81 +105 -118 +107 -104 +102 -94 +77 +82 +89 +125 +92 +79 +115 -117 -100 +85 -110 -72 +111 +126 +122 -109 -101 -116 -99 +88 +78 +75 -91 -108 -98 -73 -93 +119 -86 -121 -114 +97 +112 +87 +103 +80 -90 -124 +106 -83 -120 -84 -96 -123 -113 +76 -95 +74)
(+1 +2 +3 +4 +5 +6 +7 +8 +9 +10 +11 +12 +13 +14 +15 +16 +17 +18 +19 +20 +21 +22 +23 +24 +25 +26 +27 +28 +29 +30 +31 +32 +33 +34 +35 +36 +37 +38 +39 +40 +41 +42 +43 +44 +45 +46 +47 +48 +49 +50 +51 +52 +53 +54 +55 +56 +57 +58 +59 +60 +61 +62 +63 +64 +65 +66 +67 +68 +69 +70 +71 +72 +110 -85 +100 +117 -115 -79 -92 -125 -89 -82 -77 +94 -102 +104 -107 +118 -105 -81 +111 +126 +122 -109 -101 -116 -99 +88 +78 +75 -91 -108 -98 -73 -93 +119 -86 -121 -114 +97 +112 +87 +103 +80 -90 -124 +106 -83 -120 -84 -96 -123 -113 +76 -95 +74)
(+1 +2 +3 +4 +5 +6 +7 +8 +9 +10 +11 +12 +13 +14 +15 +16 +17 +18 +19 +20 +21 +22 +23 +24 +25 +26 +27 +28 +29 +30 +31 +32 +33 +34 +35 +36 +37 +38 +39 +40 +41 +42 +43 +44 +45 +46 +47 +48 +49 +50 +51 +52 +53 +54 +55 +56 +57 +58 +59 +60 +61 +62 +63 +64 +65 +66 +67 +68 +69 +70 +71 +72 +73 +98 +108 +91 -75 -78 -88 +99 +116 +101 +109 -122 -126 -111 +81 +105 -118 +107 -104 +102 -94 +77 +82 +89 +125 +92 +79 +115 -117 -100 +85 -110 -93 +119 -86 -121 -114 +97 +112 +87 +103 +80 -90 -124 +106 -83 -120 -84 -96 -123 -113 +76 -95 +74)
(+1 +2 +3 +4 +5 +6 +7 +8 +9 +10 +11 +12 +13 +14 +15 +16 +17 +18 +19 +20 +21 +22 +23 +24 +25 +26 +27 +28 +29 +30 +31 +32 +33 +34 +35 +36 +37 +38 +39 +40 +41 +42 +43 +44 +45 +46 +47 +48 +49 +50 +51 +52 +53 +54 +55 +56 +57 +58 +59 +60 +61 +62 +63 +64 +65 +66 +67 +68 +69 +70 +71 +72 +73 -74 +95 -76 +113 +123 +96 +84 +120 +83 -106 +124 +90 -80 -103 -87 -112 -97 +114 +121 +86 -119 +93 +110 -85 +100 +117 -115 -79 -92 -125 -89 -82 -77 +94 -102 +104 -107 +118 -105 -81 +111 +126 +122 -109 -101 -116 -99 +88 +78 +75 -91 -108 -98)
(+1 +2 +3 +4 +5 +6 +7 +8 +9 +10 +11 +12 +13 +14 +15 +16 +17 +18 +19 +20 +21 +22 +23 +24 +25 +26 +27 +28 +29 +30 +31 +32 +33 +34 +35 +36 +37 +38 +39 +40 +41 +42 +43 +44 +45 +46 +47 +48 +49 +50 +51 +52 +53 +54 +55 +56 +57 +58 +59 +60 +61 +62 +63 +64 +65 +66 +67 +68 +69 +70 +71 +72 +73 +74 +95 -76 +113 +123 +96 +84 +120 +83 -106 +124 +90 -80 -103 -87 -112 -97 +114 +121 +86 -119 +93 +110 -85 +100 +117 -115 -79 -92 -125 -89 -82 -77 +94 -102 +104 -107 +118 -105 -81 +111 +126 +122 -109 -101 -116 -99 +88 +78 +75 -91 -108 -98)
(+1 +2 +3 +4 +5 +6 +7 +8 +9 +10 +11 +12 +13 +14 +15 +16 +17 +18 +19 +20 +21 +22 +23 +24 +25 +26 +27 +28 +29 +30 +31 +32 +33 +34 +35 +36 +37 +38 +39 +40 +41 +42 +43 +44 +45 +46 +47 +48 +49 +50 +51 +52 +53 +54 +55 +56 +57 +58 +59 +60 +61 +62 +63 +64 +65 +66 +67 +68 +69 +70 +71 +72 +73 +74 -75 -78 -88 +99 +116 +101 +109 -122 -126 -111 +81 +105 -118 +107 -104 +102 -94 +77 +82 +89 +125 +92 +79 +115 -117 -100 +85 -110 -93 +119 -86 -121 -114 +97 +112 +87 +103 +80 -90 -124 +106 -83 -120 -84 -96 -123 -113 +76 -95 -91 -108 -98)
(+1 +2 +3 +4 +5 +6 +7 +8 +9 +10 +11 +12 +13 +14 +15 +16 +17 +18 +19 +20 +21 +22 +23 +24 +25 +26 +27 +28 +29 +30 +31 +32 +33 +34 +35 +36 +37 +38 +39 +40 +41 +42 +43 +44 +45 +46 +47 +48 +49 +50 +51 +52 +53 +54 +55 +56 +57 +58 +59 +60 +61 +62 +63 +64 +65 +66 +67 +68 +69 +70 +71 +72 +73 +74 +75 -78 -88 +99 +116 +101 +109 -122 -126 -111 +81 +105 -118 +107 -104 +102 -94 +77 +82 +89 +125 +92 +79 +115 -117 -100 +85 -110 -93 +119 -86 -121 -114 +97 +112 +87 +103 +80 -90 -124 +106 -83 -120 -84 -96 -123 -113 +76 -95 -91 -108 -98)
(+1 +2 +3 +4 +5 +6 +7 +8 +9 +10 +11 +12 +13 +14 +15 +16 +17 +18 +19 +20 +21 +22 +23 +24 +25 +26 +27 +28 +29 +30 +31 +32 +33 +34 +35 +36 +37 +38 +39 +40 +41 +42 +43 +44 +45 +46 +47 +48 +49 +50 +51 +52 +53 +54 +55 +56 +57 +58 +59 +60 +61 +62 +63 +64 +65 +66 +67 +68 +69 +70 +71 +72 +73 +74 +75 -76 +113 +123 +96 +84 +120 +83 -106 +124 +90 -80 -103 -87 -112 -97 +114 +121 +86 -119 +93 +110 -85 +100 +117 -115 -79 -92 -125 -89 -82 -77 +94 -102 +104 -107 +118 -105 -81 +111 +126 +122 -109 -101 -116 -99 +88 +78 -95 -91 -108 -98)
(+1 +2 +3 +4 +5 +6 +7 +8 +9 +10 +11 +12 +13 +14 +15 +16 +17 +18 +19 +20 +21 +22 +23 +24 +25 +26 +27 +28 +29 +30 +31 +32 +33 +34 +35 +36 +37 +38 +39 +40 +41 +42 +43 +44 +45 +46 +47 +48 +49 +50 +51 +52 +53 +54 +55 +56 +57 +58 +59 +60 +61 +62 +63 +64 +65 +66 +67 +68 +69 +70 +71 +72 +73 +74 +75 +76 +113 +123 +96 +84 +120 +83 -106 +124 +90 -80 -103 -87 -112 -97 +114 +121 +86 -119 +93 +110 -85 +100 +117 -115 -79 -92 -125 -89 -82 -77 +94 -102 +104 -107 +118 -105 -81 +111 +126 +122 -109 -101 -116 -99 +88 +78 -95 -91 -108 -98)
(+1 +2 +3 +4 +5 +6 +7 +8 +9 +10 +11 +12 +13 +14 +15 +16 +17 +18 +19 +20 +21 +22 +23 +24 +25 +26 +27 +28 +29 +30 +31 +32 +33 +34 +35 +36 +37 +38 +39 +40 +41 +42 +43 +44 +45 +46 +47 +48 +49 +50 +51 +52 +53 +54 +55 +56 +57 +58 +59 +60 +61 +62 +63 +64 +65 +66 +67 +68 +69 +70 +71 +72 +73 +74 +75 +76 +77 +82 +89 +125 +92 +79 +115 -117 -100 +85 -110 -93 +119 -86 -121 -114 +97 +112 +87 +103 +80 -90 -124 +106 -83 -120 -84 -96 -123 -113 +94 -102 +104 -107 +118 -105 -81 +111 +126 +122 -109 -101 -116 -99 +88 +78 -95 -91 -108 -98)
(+1 +2 +3 +4 +5 +6 +7 +8 +9 +10 +11 +12 +13 +14 +15 +16 +17 +18 +19 +20 +21 +22 +23 +24 +25 +26 +27 +28 +29 +30 +31 +32 +33 +34 +35 +36 +37 +38 +39 +40 +41 +42 +43 +44 +45 +46 +47 +48 +49 +50 +51 +52 +53 +54 +55 +56 +57 +58 +59 +60 +61 +62 +63 +64 +65 +66 +67 +68 +69 +70 +71 +72 +73 +74 +75 +76 +77 -78 -88 +99 +116 +101 +109 -122 -126 -111 +81 +105 -118 +107 -104 +102 -94 +113 +123 +96 +84 +120 +83 -106 +124 +90 -80 -103 -87 -112 -97 +114 +121 +86 -119 +93 +110 -85 +100 +117 -115 -79 -92 -125 -89 -82 -95 -91 -108 -98)
(+1 +2 +3 +4 +5 +6 +7 +8 +9 +10 +11 +12 +13 +14 +15 +16 +17 +18 +19 +20 +21 +22 +23 +24 +25 +26 +27 +28 +29 +30 +31 +32 +33 +34 +35 +36 +37 +38 +39 +40 +41 +42 +43 +44 +45 +46 +47 +48 +49 +50 +51 +52 +53 +54 +55 +56 +57 +58 +59 +60 +61 +62 +63 +64 +65 +66 +67 +68 +69 +70 +71 +72 +73 +74 +75 +76 +77 +78 -88 +99 +116 +101 +109 -122 -126 -111 +81 +105 -118 +107 -104 +102 -94 +113 +123 +96 +84 +120 +83 -106 +124 +90 -80 -103 -87 -112 -97 +114 +121 +86 -119 +93 +110 -85 +100 +117 -115 -79 -92 -125 -89 -82 -95 -91 -108 -98)
(+1 +2 +3 +4 +5 +6 +7 +8 +9 +10 +11 +12 +13 +14 +15 +16 +17 +18 +19 +20 +21 +22 +23 +24 +25 +26 +27 +28 +29 +30 +31 +32 +33 +34 +35 +36 +37 +38 +39 +40 +41 +42 +43 +44 +45 +46 +47 +48 +49 +50 +51 +52 +53 +54 +55 +56 +57 +58 +59 +60 +61 +62 +63 +64 +65 +66 +67 +68 +69 +70 +71 +72 +73 +74 +75 +76 +77 +78 +79 +115 -117 -100 +85 -110 -93 +119 -86 -121 -114 +97 +112 +87 +103 +80 -90 -124 +106 -83 -120 -84 -96 -123 -113 +94 -102 +104 -107 +118 -105 -81 +111 +126 +122 -109 -101 -116 -99 +88 -92 -125 -89 -82 -95 -91 -108 -98)
(+1 +2 +3 +4 +5 +6 +7 +8 +9 +10 +11 +12 +13 +14 +15 +16 +17 +18 +19 +20 +21 +22 +23 +24 +25 +26 +27 +28 +29 +30 +31 +32 +33 +34 +35 +36 +37 +38 +39 +40 +41 +42 +43 +44 +45 +46 +47 +48 +49 +50 +51 +52 +53 +54 +55 +56 +57 +58 +59 +60 +61 +62 +63 +64 +65 +66 +67 +68 +69 +70 +71 +72 +73 +74 +75 +76 +77 +78 +79 -80 -103 -87 -112 -97 +114 +121 +86 -119 +93 +110 -85 +100 +117 -115 -90 -124 +106 -83 -120 -84 -96 -123 -113 +94 -102 +104 -107 +118 -105 -81 +111 +126 +122 -109 -101 -116 -99 +88 -92 -125 -89 -82 -95 -91 -108 -98)
(+1 +2 +3 +4 +5 +6 +7 +8 +9 +10 +11 +12 +13 +14 +15 +16 +17 +18 +19 +20 +21 +22 +23 +24 +25 +26 +27 +28 +29 +30 +31 +32 +33 +34 +35 +36 +37 +38 +39 +40 +41 +42 +43 +44 +45 +46 +47 +48 +49 +50 +51 +52 +53 +54 +55 +56 +57 +58 +59 +60 +61 +62 +63 +64 +65 +66 +67 +68 +69 +70 +71 +72 +73 +74 +75 +76 +77 +78 +79 +80 -103 -87 -112 -97 +114 +121 +86 -119 +93 +110 -85 +100 +117 -115 -90 -124 +106 -83 -120 -84 -96 -123 -113 +94 -102 +104 -107 +118 -105 -81 +111 +126 +122 -109 -101 -116 -99 +88 -92 -125 -89 -82 -95 -91 -108 -98)
(+1 +2 +3 +4 +5 +6 +7 +8 +9 +10 +11 +12 +13 +14 +15 +16 +17 +18 +19 +20 +21 +22 +23 +24 +25 +26 +27 +28 +29 +30 +31 +32 +33 +34 +35 +36 +37 +38 +39 +40 +41 +42 +43 +44 +45 +46 +47 +48 +49 +50 +51 +52 +53 +54 +55 +56 +57 +58 +59 +60 +61 +62 +63 +64 +65 +66 +67 +68 +69 +70 +71 +72 +73 +74 +75 +76 +77 +78 +79 +80 +81 +105 -118 +107 -104 +102 -94 +113 +123 +96 +84 +120 +83 -106 +124 +90 +115 -117 -100 +85 -110 -93 +119 -86 -121 -114 +97 +112 +87 +103 +111 +126 +122 -109 -101 -116 -99 +88 -92 -125 -89 -82 -95 -91 -108 -98)
(+1 +2 +3 +4 +5 +6 +7 +8 +9 +10 +11 +12 +13 +14 +15 +16 +17 +18 +19 +20 +21 +22 +23 +24 +25 +26 +27 +28 +29 +30 +31 +32 +33 +34 +35 +36 +37 +38 +39 +40 +41 +42 +43 +44 +45 +46 +47 +48 +49 +50 +51 +52 +53 +54 +55 +56 +57 +58 +59 +60 +61 +62 +63 +64 +65 +66 +67 +68 +69 +70 +71 +72 +73 +74 +75 +76 +77 +78 +79 +80 +81 +82 +89 +125 +92 -88 +99 +116 +101 +109 -122 -126 -111 -103 -87 -112 -97 +114 +121 +86 -119 +93 +110 -85 +100 +117 -115 -90 -124 +106 -83 -120 -84 -96 -123 -113 +94 -102 +104 -107 +118 -105 -95 -91 -108 -98)
(+1 +2 +3 +4 +5 +6 +7 +8 +9 +10 +11 +12 +13 +14 +15 +16 +17 +18 +19 +20 +21 +22 +23 +24 +25 +26 +27 +28 +29 +30 +31 +32 +33 +34 +35 +36 +37 +38 +39 +40 +41 +42 +43 +44 +45 +46 +47 +48 +49 +50 +51 +52 +53 +54 +55 +56 +57 +58 +59 +60 +61 +62 +63 +64 +65 +66 +67 +68 +69 +70 +71 +72 +73 +74 +75 +76 +77 +78 +79 +80 +81 +82 +83 -106 +124 +90 +115 -117 -100 +85 -110 -93 +119 -86 -121 -114 +97 +112 +87 +103 +111 +126 +122 -109 -101 -116 -99 +88 -92 -125 -89 -120 -84 -96 -123 -113 +94 -102 +104 -107 +118 -105 -95 -91 -108 -98)
(+1 +2 +3 +4 +5 +6 +7 +8 +9 +10 +11 +12 +13 +14 +15 +16 +17 +18 +19 +20 +21 +22 +23 +24 +25 +26 +27 +28 +29 +30 +31 +32 +33 +34 +35 +36 +37 +38 +39 +40 +41 +42 +43 +44 +45 +46 +47 +48 +49 +50 +51 +52 +53 +54 +55 +56 +57 +58 +59 +60 +61 +62 +63 +64 +65 +66 +67 +68 +69 +70 +71 +72 +73 +74 +75 +76 +77 +78 +79 +80 +81 +82 +83 +84 +120 +89 +125 +92 -88 +99 +116 +101 +109 -122 -126 -111 -103 -87 -112 -97 +114 +121 +86 -119 +93 +110 -85 +100 +117 -115 -90 -124 +106 -96 -123 -113 +94 -102 +104 -107 +118 -105 -95 -91 -108 -98)
(+1 +2 +3 +4 +5 +6 +7 +8 +9 +10 +11 +12 +13 +14 +15 +16 +17 +18 +19 +20 +21 +22 +23 +24 +25 +26 +27 +28 +29 +30 +31 +32 +33 +34 +35 +36 +37 +38 +39 +40 +41 +42 +43 +44 +45 +46 +47 +48 +49 +50 +51 +52 +53 +54 +55 +56 +57 +58 +59 +60 +61 +62 +63 +64 +65 +66 +67 +68 +69 +70 +71 +72 +73 +74 +75 +76 +77 +78 +79 +80 +81 +82 +83 +84 +85 -110 -93 +119 -86 -121 -114 +97 +112 +87 +103 +111 +126 +122 -109 -101 -116 -99 +88 -92 -125 -89 -120 +100 +117 -115 -90 -124 +106 -96 -123 -113 +94 -102 +104 -107 +118 -105 -95 -91 -108 -98)
(+1 +2 +3 +4 +5 +6 +7 +8 +9 +10 +11 +12 +13 +14 +15 +16 +17 +18 +19 +20 +21 +22 +23 +24 +25 +26 +27 +28 +29 +30 +31 +32 +33 +34 +35 +36 +37 +38 +39 +40 +41 +42 +43 +44 +45 +46 +47 +48 +49 +50 +51 +52 +53 +54 +55 +56 +57 +58 +59 +60 +61 +62 +63 +64 +65 +66 +67 +68 +69 +70 +71 +72 +73 +74 +75 +76 +77 +78 +79 +80 +81 +82 +83 +84 +85 +86 -119 +93 +110 -121 -114 +97 +112 +87 +103 +111 +126 +122 -109 -101 -116 -99 +88 -92 -125 -89 -120 +100 +117 -115 -90 -124 +106 -96 -123 -113 +94 -102 +104 -107 +118 -105 -95 -91 -108 -98)
(+1 +2 +3 +4 +5 +6 +7 +8 +9 +10 +11 +12 +13 +14 +15 +16 +17 +18 +19 +20 +21 +22 +23 +24 +25 +26 +27 +28 +29 +30 +31 +32 +33 +34 +35 +36 +37 +38 +39 +40 +41 +42 +43 +44 +45 +46 +47 +48 +49 +50 +51 +52 +53 +54 +55 +56 +57 +58 +59 +60 +61 +62 +63 +64 +65 +66 +67 +68 +69 +70 +71 +72 +73 +74 +75 +76 +77 +78 +79 +80 +81 +82 +83 +84 +85 +86 -87 -112 -97 +114 +121 -110 -93 +119 +103 +111 +126 +122 -109 -101 -116 -99 +88 -92 -125 -89 -120 +100 +117 -115 -90 -124 +106 -96 -123 -113 +94 -102 +104 -107 +118 -105 -95 -91 -108 -98)
(+1 +2 +3 +4 +5 +6 +7 +8 +9 +10 +11 +12 +13 +14 +15 +16 +17 +18 +19 +20 +21 +22 +23 +24 +25 +26 +27 +28 +29 +30 +31 +32 +33 +34 +35 +36 +37 +38 +39 +40 +41 +42 +43 +44 +45 +46 +47 +48 +49 +50 +51 +52 +53 +54 +55 +56 +57 +58 +59 +60 +61 +62 +63 +64 +65 +66 +67 +68 +69 +70 +71 +72 +73 +74 +75 +76 +77 +78 +79 +80 +81 +82 +83 +84 +85 +86 +87 -112 -97 +114 +121 -110 -93 +119 +103 +111 +126 +122 -109 -101 -116 -99 +88 -92 -125 -89 -120 +100 +117 -115 -90 -124 +106 -96 -123 -113 +94 -102 +104 -107 +118 -105 -95 -91 -108 -98)
(+1 +2 +3 +4 +5 +6 +7 +8 +9 +10 +11 +12 +13 +14 +15 +16 +17 +18 +19 +20 +21 +22 +23 +24 +25 +26 +27 +28 +29 +30 +31 +32 +33 +34 +35 +36 +37 +38 +39 +40 +41 +42 +43 +44 +45 +46 +47 +48 +49 +50 +51 +52 +53 +54 +55 +56 +57 +58 +59 +60 +61 +62 +63 +64 +65 +66 +67 +68 +69 +70 +71 +72 +73 +74 +75 +76 +77 +78 +79 +80 +81 +82 +83 +84 +85 +86 +87 -88 +99 +116 +101 +109 -122 -126 -111 -103 -119 +93 +110 -121 -114 +97 +112 -92 -125 -89 -120 +100 +117 -115 -90 -124 +106 -96 -123 -113 +94 -102 +104 -107 +118 -105 -95 -91 -108 -98)
(+1 +2 +3 +4 +5 +6 +7 +8 +9 +10 +11 +12 +13 +14 +15 +16 +17 +18 +19 +20 +21 +22 +23 +24 +25 +26 +27 +28 +29 +30 +31 +32 +33 +34 +35 +36 +37 +38 +39 +40 +41 +42 +43 +44 +45 +46 +47 +48 +49 +50 +51 +52 +53 +54 +55 +56 +57 +58 +59 +60 +61 +62 +63 +64 +65 +66 +67 +68 +69 +70 +71 +72 +73 +74 +75 +76 +77 +78 +79 +80 +81 +82 +83 +84 +85 +86 +87 +88 +99 +116 +101 +109 -122 -126 -111 -103 -119 +93 +110 -121 -114 +97 +112 -92 -125 -89 -120 +100 +117 -115 -90 -124 +106 -96 -123 -113 +94 -102 +104 -107 +118 -105 -95 -91 -108 -98)
(+1 +2 +3 +4 +5 +6 +7 +8 +9 +10 +11 +12 +13 +14 +15 +16 +17 +18 +19 +20 +21 +22 +23 +24 +25 +26 +27 +28 +29 +30 +31 +32 +33 +34 +35 +36 +37 +38 +39 +40 +41 +42 +43 +44 +45 +46 +47 +48 +49 +50 +51 +52 +53 +54 +55 +56 +57 +58 +59 +60 +61 +62 +63 +64 +65 +66 +67 +68 +69 +70 +71 +72 +73 +74 +75 +76 +77 +78 +79 +80 +81 +82 +83 +84 +85 +86 +87 +88 +89 +125 +92 -112 -97 +114 +121 -110 -93 +119 +103 +111 +126 +122 -109 -101 -116 -99 -120 +100 +117 -115 -90 -124 +106 -96 -123 -113 +94 -102 +104 -107 +118 -105 -95 -91 -108 -98)
(+1 +2 +3 +4 +5 +6 +7 +8 +9 +10 +11 +12 +13 +14 +15 +16 +17 +18 +19 +20 +21 +22 +23 +24 +25 +26 +27 +28 +29 +30 +31 +32 +33 +34 +35 +36 +37 +38 +39 +40 +41 +42 +43 +44 +45 +46 +47 +48 +49 +50 +51 +52 +53 +54 +55 +56 +57 +58 +59 +60 +61 +62 +63 +64 +65 +66 +67 +68 +69 +70 +71 +72 +73 +74 +75 +76 +77 +78 +79 +80 +81 +82 +83 +84 +85 +86 +87 +88 +89 +90 +115 -117 -100 +120 +99 +116 +101 +109 -122 -126 -111 -103 -119 +93 +110 -121 -114 +97 +112 -92 -125 -124 +106 -96 -123 -113 +94 -102 +104 -107 +118 -105 -95 -91 -108 -98)
(+1 +2 +3 +4 +5 +6 +7 +8 +9 +10 +11 +12 +13 +14 +15 +16 +17 +18 +19 +20 +21 +22 +23 +24 +25 +26 +27 +28 +29 +30 +31 +32 +33 +34 +35 +36 +37 +38 +39 +40 +41 +42 +43 +44 +45 +46 +47 +48 +49 +50 +51 +52 +53 +54 +55 +56 +57 +58 +59 +60 +61 +62 +63 +64 +65 +66 +67 +68 +69 +70 +71 +72 +73 +74 +75 +76 +77 +78 +79 +80 +81 +82 +83 +84 +85 +86 +87 +88 +89 +90 +91 +95 +105 -118 +107 -104 +102 -94 +113 +123 +96 -106 +124 +125 +92 -112 -97 +114 +121 -110 -93 +119 +103 +111 +126 +122 -109 -101 -116 -99 -120 +100 +117 -115 -108 -98)
(+1 +2 +3 +4 +5 +6 +7 +8 +9 +10 +11 +12 +13 +14 +15 +16 +17 +18 +19 +20 +21 +22 +23 +24 +25 +26 +27 +28 +29 +30 +31 +32 +33 +34 +35 +36 +37 +38 +39 +40 +41 +42 +43 +44 +45 +46 +47 +48 +49 +50 +51 +52 +53 +54 +55 +56 +57 +58 +59 +60 +61 +62 +63 +64 +65 +66 +67 +68 +69 +70 +71 +72 +73 +74 +75 +76 +77 +78 +79 +80 +81 +82 +83 +84 +85 +86 +87 +88 +89 +90 +91 -92 -125 -124 +106 -96 -123 -113 +94 -102 +104 -107 +118 -105 -95 -112 -97 +114 +121 -110 -93 +119 +103 +111 +126 +122 -109 -101 -116 -99 -120 +100 +117 -115 -108 -98)
(+1 +2 +3 +4 +5 +6 +7 +8 +9 +10 +11 +12 +13 +14 +15 +16 +17 +18 +19 +20 +21 +22 +23 +24 +25 +26 +27 +28 +29 +30 +31 +32 +33 +34 +35 +36 +37 +38 +39 +40 +41 +42 +43 +44 +45 +46 +47 +48 +49 +50 +51 +52 +53 +54 +55 +56 +57 +58 +59 +60 +61 +62 +63 +64 +65 +66 +67 +68 +69 +70 +71 +72 +73 +74 +75 +76 +77 +78 +79 +80 +81 +82 +83 +84 +85 +86 +87 +88 +89 +90 +91 +92 -125 -124 +106 -96 -123 -113 +94 -102 +104 -107 +118 -105 -95 -112 -97 +114 +121 -110 -93 +119 +103 +111 +126 +122 -109 -101 -116 -99 -120 +100 +117 -115 -108 -98)
(+1 +2 +3 +4 +5 +6 +7 +8 +9 +10 +11 +12 +13 +14 +15 +16 +17 +18 +19 +20 +21 +22 +23 +24 +25 +26 +27 +28 +29 +30 +31 +32 +33 +34 +35 +36 +37 +38 +39 +40 +41 +42 +43 +44 +45 +46 +47 +48 +49 +50 +51 +52 +53 +54 +55 +56 +57 +58 +59 +60 +61 +62 +63 +64 +65 +66 +67 +68 +69 +70 +71 +72 +73 +74 +75 +76 +77 +78 +79 +80 +81 +82 +83 +84 +85 +86 +87 +88 +89 +90 +91 +92 +93 +110 -121 -114 +97 +112 +95 +105 -118 +107 -104 +102 -94 +113 +123 +96 -106 +124 +125 +119 +103 +111 +126 +122 -109 -101 -116 -99 -120 +100 +117 -115 -108 -98)
(+1 +2 +3 +4 +5 +6 +7 +8 +9 +10 +11 +12 +13 +14 +15 +16 +17 +18 +19 +20 +21 +22 +23 +24 +25 +26 +27 +28 +29 +30 +31 +32 +33 +34 +35 +36 +37 +38 +39 +40 +41 +42 +43 +44 +45 +46 +47 +48 +49 +50 +51 +52 +53 +54 +55 +56 +57 +58 +59 +60 +61 +62 +63 +64 +65 +66 +67 +68 +69 +70 +71 +72 +73 +74 +75 +76 +77 +78 +79 +80 +81 +82 +83 +84 +85 +86 +87 +88 +89 +90 +91 +92 +93 +94 -102 +104 -107 +118 -105 -95 -112 -97 +114 +121 -110 +113 +123 +96 -106 +124 +125 +119 +103 +111 +126 +122 -109 -101 -116 -99 -120 +100 +117 -115 -108 -98)
(+1 +2 +3 +4 +5 +6 +7 +8 +9 +10 +11 +12 +13 +14 +15 +16 +17 +18 +19 +20 +21 +22 +23 +24 +25 +26 +27 +28 +29 +30 +31 +32 +33 +34 +35 +36 +37 +38 +39 +40 +41 +42 +43 +44 +45 +46 +47 +48 +49 +50 +51 +52 +53 +54 +55 +56 +57 +58 +59 +60 +61 +62 +63 +64 +65 +66 +67 +68 +69 +70 +71 +72 +73 +74 +75 +76 +77 +78 +79 +80 +81 +82 +83 +84 +85 +86 +87 +88 +89 +90 +91 +92 +93 +94 +95 +105 -118 +107 -104 +102 -112 -97 +114 +121 -110 +113 +123 +96 -106 +124 +125 +119 +103 +111 +126 +122 -109 -101 -116 -99 -120 +100 +117 -115 -108 -98)
(+1 +2 +3 +4 +5 +6 +7 +8 +9 +10 +11 +12 +13 +14 +15 +16 +17 +18 +19 +20 +21 +22 +23 +24 +25 +26 +27 +28 +29 +30 +31 +32 +33 +34 +35 +36 +37 +38 +39 +40 +41 +42 +43 +44 +45 +46 +47 +48 +49 +50 +51 +52 +53 +54 +55 +56 +57 +58 +59 +60 +61 +62 +63 +64 +65 +66 +67 +68 +69 +70 +71 +72 +73 +74 +75 +76 +77 +78 +79 +80 +81 +82 +83 +84 +85 +86 +87 +88 +89 +90 +91 +92 +93 +94 +95 -96 -123 -113 +110 -121 -114 +97 +112 -102 +104 -107 +118 -105 -106 +124 +125 +119 +103 +111 +126 +122 -109 -101 -116 -99 -120 +100 +117 -115 -108 -98)
(+1 +2 +3 +4 +5 +6 +7 +8 +9 +10 +11 +12 +13 +14 +15 +16 +17 +18 +19 +20 +21 +22 +23 +24 +25 +26 +27 +28 +29 +30 +31 +32 +33 +34 +35 +36 +37 +38 +39 +40 +41 +42 +43 +44 +45 +46 +47 +48 +49 +50 +51 +52 +53 +54 +55 +56 +57 +58 +59 +60 +61 +62 +63 +64 +65 +66 +67 +68 +69 +70 +71 +72 +73 +74 +75 +76 +77 +78 +79 +80 +81 +82 +83 +84 +85 +86 +87 +88 +89 +90 +91 +92 +93 +94 +95 +96 -123 -113 +110 -121 -114 +97 +112 -102 +104 -107 +118 -105 -106 +124 +125 +119 +103 +111 +126 +122 -109 -101 -116 -99 -120 +100 +117 -115 -108 -98)
(+1 +2 +3 +4 +5 +6 +7 +8 +9 +10 +11 +12 +13 +14 +15 +16 +17 +18 +19 +20 +21 +22 +23 +24 +25 +26 +27 +28 +29 +30 +31 +32 +33 +34 +35 +36 +37 +38 +39 +40 +41 +42 +43 +44 +45 +46 +47 +48 +49 +50 +51 +52 +53 +54 +55 +56 +57 +58 +59 +60 +61 +62 +63 +64 +65 +66 +67 +68 +69 +70 +71 +72 +73 +74 +75 +76 +77 +78 +79 +80 +81 +82 +83 +84 +85 +86 +87 +88 +89 +90 +91 +92 +93 +94 +95 +96 -97 +114 +121 -110 +113 +123 +112 -102 +104 -107 +118 -105 -106 +124 +125 +119 +103 +111 +126 +122 -109 -101 -116 -99 -120 +100 +117 -115 -108 -98)
(+1 +2 +3 +4 +5 +6 +7 +8 +9 +10 +11 +12 +13 +14 +15 +16 +17 +18 +19 +20 +21 +22 +23 +24 +25 +26 +27 +28 +29 +30 +31 +32 +33 +34 +35 +36 +37 +38 +39 +40 +41 +42 +43 +44 +45 +46 +47 +48 +49 +50 +51 +52 +53 +54 +55 +56 +57 +58 +59 +60 +61 +62 +63 +64 +65 +66 +67 +68 +69 +70 +71 +72 +73 +74 +75 +76 +77 +78 +79 +80 +81 +82 +83 +84 +85 +86 +87 +88 +89 +90 +91 +92 +93 +94 +95 +96 +97 +114 +121 -110 +113 +123 +112 -102 +104 -107 +118 -105 -106 +124 +125 +119 +103 +111 +126 +122 -109 -101 -116 -99 -120 +100 +117 -115 -108 -98)
(+1 +2 +3 +4 +5 +6 +7 +8 +9 +10 +11 +12 +13 +14 +15 +16 +17 +18 +19 +20 +21 +22 +23 +24 +25 +26 +27 +28 +29 +30 +31 +32 +33 +34 +35 +36 +37 +38 +39 +40 +41 +42 +43 +44 +45 +46 +47 +48 +49 +50 +51 +52 +53 +54 +55 +56 +57 +58 +59 +60 +61 +62 +63 +64 +65 +66 +67 +68 +69 +70 +71 +72 +73 +74 +75 +76 +77 +78 +79 +80 +81 +82 +83 +84 +85 +86 +87 +88 +89 +90 +91 +92 +93 +94 +95 +96 +97 +98 +108 +115 -117 -100 +120 +99 +116 +101 +109 -122 -126 -111 -103 -119 -125 -124 +106 +105 -118 +107 -104 +102 -112 -123 -113 +110 -121 -114)
(+1 +2 +3 +4 +5 +6 +7 +8 +9 +10 +11 +12 +13 +14 +15 +16 +17 +18 +19 +20 +21 +22 +23 +24 +25 +26 +27 +28 +29 +30 +31 +32 +33 +34 +35 +36 +37 +38 +39 +40 +41 +42 +43 +44 +45 +46 +47 +48 +49 +50 +51 +52 +53 +54 +55 +56 +57 +58 +59 +60 +61 +62 +63 +64 +65 +66 +67 +68 +69 +70 +71 +72 +73 +74 +75 +76 +77 +78 +79 +80 +81 +82 +83 +84 +85 +86 +87 +88 +89 +90 +91 +92 +93 +94 +95 +96 +97 +98 -99 -120 +100 +117 -115 -108 +116 +101 +109 -122 -126 -111 -103 -119 -125 -124 +106 +105 -118 +107 -104 +102 -112 -123 -113 +110 -121 -114)
(+1 +2 +3 +4 +5 +6 +7 +8 +9 +10 +11 +12 +13 +14 +15 +16 +17 +18 +19 +20 +21 +22 +23 +24 +25 +26 +27 +28 +29 +30 +31 +32 +33 +34 +35 +36 +37 +38 +39 +40 +41 +42 +43 +44 +45 +46 +47 +48 +49 +50 +51 +52 +53 +54 +55 +56 +57 +58 +59 +60 +61 +62 +63 +64 +65 +66 +67 +68 +69 +70 +71 +72 +73 +74 +75 +76 +77 +78 +79 +80 +81 +82 +83 +84 +85 +86 +87 +88 +89 +90 +91 +92 +93 +94 +95 +96 +97 +98 +99 -120 +100 +117 -115 -108 +116 +101 +109 -122 -126 -111 -103 -119 -125 -124 +106 +105 -118 +107 -104 +102 -112 -123 -113 +110 -121 -114)
(+1 +2 +3 +4 +5 +6 +7 +8 +9 +10 +11 +12 +13 +14 +15 +16 +17 +18 +19 +20 +21 +22 +23 +24 +25 +26 +27 +28 +29 +30 +31 +32 +33 +34 +35 +36 +37 +38 +39 +40 +41 +42 +43 +44 +45 +46 +47 +48 +49 +50 +51 +52 +53 +54 +55 +56 +57 +58 +59 +60 +61 +62 +63 +64 +65 +66 +67 +68 +69 +70 +71 +72 +73 +74 +75 +76 +77 +78 +79 +80 +81 +82 +83 +84 +85 +86 +87 +88 +89 +90 +91 +92 +93 +94 +95 +96 +97 +98 +99 -100 +120 +117 -115 -108 +116 +101 +109 -122 -126 -111 -103 -119 -125 -124 +106 +105 -118 +107 -104 +102 -112 -123 -113 +110 -121 -114)
(+1 +2 +3 +4 +5 +6 +7 +8 +9 +10 +11 +12 +13 +14 +15 +16 +17 +18 +19 +20 +21 +22 +23 +24 +25 +26 +27 +28 +29 +30 +31 +32 +33 +34 +35 +36 +37 +38 +39 +40 +41 +42 +43 +44 +45 +46 +47 +48 +49 +50 +51 +52 +53 +54 +55 +56 +57 +58 +59 +60 +61 +62 +63 +64 +65 +66 +67 +68 +69 +70 +71 +72 +73 +74 +75 +76 +77 +78 +79 +80 +81 +82 +83 +84 +85 +86 +87 +88 +89 +90 +91 +92 +93 +94 +95 +96 +97 +98 +99 +100 +120 +117 -115 -108 +116 +101 +109 -122 -126 -111 -103 -119 -125 -124 +106 +105 -118 +107 -104 +102 -112 -123 -113 +110 -121 -114)
(+1 +2 +3 +4 +5 +6 +7 +8 +9 +10 +11 +12 +13 +14 +15 +16 +17 +18 +19 +20 +21 +22 +23 +24 +25 +26 +27 +28 +29 +30 +31 +32 +33 +34 +35 +36 +37 +38 +39 +40 +41 +42 +43 +44 +45 +46 +47 +48 +49 +50 +51 +52 +53 +54 +55 +56 +57 +58 +59 +60 +61 +62 +63 +64 +65 +66 +67 +68 +69 +70 +71 +72 +73 +74 +75 +76 +77 +78 +79 +80 +81 +82 +83 +84 +85 +86 +87 +88 +89 +90 +91 +92 +93 +94 +95 +96 +97 +98 +99 +100 -101 -116 +108 +115 -117 -120 +109 -122 -126 -111 -103 -119 -125 -124 +106 +105 -118 +107 -104 +102 -112 -123 -113 +110 -121 -114)
(+1 +2 +3 +4 +5 +6 +7 +8 +9 +10 +11 +12 +13 +14 +15 +16 +17 +18 +19 +20 +21 +22 +23 +24 +25 +26 +27 +28 +29 +30 +31 +32 +33 +34 +35 +36 +37 +38 +39 +40 +41 +42 +43 +44 +45 +46 +47 +48 +49 +50 +51 +52 +53 +54 +55 +56 +57 +58 +59 +60 +61 +62 +63 +64 +65 +66 +67 +68 +69 +70 +71 +72 +73 +74 +75 +76 +77 +78 +79 +80 +81 +82 +83 +84 +85 +86 +87 +88 +89 +90 +91 +92 +93 +94 +95 +96 +97 +98 +99 +100 +101 -116 +108 +115 -117 -120 +109 -122 -126 -111 -103 -119 -125 -124 +106 +105 -118 +107 -104 +102 -112 -123 -113 +110 -121 -114)
(+1 +2 +3 +4 +5 +6 +7 +8 +9 +10 +11 +12 +13 +14 +15 +16 +17 +18 +19 +20 +21 +22 +23 +24 +25 +26 +27 +28 +29 +30 +31 +32 +33 +34 +35 +36 +37 +38 +39 +40 +41 +42 +43 +44 +45 +46 +47 +48 +49 +50 +51 +52 +53 +54 +55 +56 +57 +58 +59 +60 +61 +62 +63 +64 +65 +66 +67 +68 +69 +70 +71 +72 +73 +74 +75 +76 +77 +78 +79 +80 +81 +82 +83 +84 +85 +86 +87 +88 +89 +90 +91 +92 +93 +94 +95 +96 +97 +98 +99 +100 +101 -102 +104 -107 +118 -105 -106 +124 +125 +119 +103 +111 +126 +122 -109 +120 +117 -115 -108 +116 -112 -123 -113 +110 -121 -114)
(+1 +2 +3 +4 +5 +6 +7 +8 +9 +10 +11 +12 +13 +14 +15 +16 +17 +18 +19 +20 +21 +22 +23 +24 +25 +26 +27 +28 +29 +30 +31 +32 +33 +34 +35 +36 +37 +38 +39 +40 +41 +42 +43 +44 +45 +46 +47 +48 +49 +50 +51 +52 +53 +54 +55 +56 +57 +58 +59 +60 +61 +62 +63 +64 +65 +66 +67 +68 +69 +70 +71 +72 +73 +74 +75 +76 +77 +78 +79 +80 +81 +82 +83 +84 +85 +86 +87 +88 +89 +90 +91 +92 +93 +94 +95 +96 +97 +98 +99 +100 +101 +102 +104 -107 +118 -105 -106 +124 +125 +119 +103 +111 +126 +122 -109 +120 +117 -115 -108 +116 -112 -123 -113 +110 -121 -114)
(+1 +2 +3 +4 +5 +6 +7 +8 +9 +10 +11 +12 +13 +14 +15 +16 +17 +18 +19 +20 +21 +22 +23 +24 +25 +26 +27 +28 +29 +30 +31 +32 +33 +34 +35 +36 +37 +38 +39 +40 +41 +42 +43 +44 +45 +46 +47 +48 +49 +50 +51 +52 +53 +54 +55 +56 +57 +58 +59 +60 +61 +62 +63 +64 +65 +66 +67 +68 +69 +70 +71 +72 +73 +74 +75 +76 +77 +78 +79 +80 +81 +82 +83 +84 +85 +86 +87 +88 +89 +90 +91 +92 +93 +94 +95 +96 +97 +98 +99 +100 +101 +102 -103 -119 -125 -124 +106 +105 -118 +107 -104 +111 +126 +122 -109 +120 +117 -115 -108 +116 -112 -123 -113 +110 -121 -114)
(+1 +2 +3 +4 +5 +6 +7 +8 +9 +10 +11 +12 +13 +14 +15 +16 +17 +18 +19 +20 +21 +22 +23 +24 +25 +26 +27 +28 +29 +30 +31 +32 +33 +34 +35 +36 +37 +38 +39 +40 +41 +42 +43 +44 +45 +46 +47 +48 +49 +50 +51 +52 +53 +54 +55 +56 +57 +58 +59 +60 +61 +62 +63 +64 +65 +66 +67 +68 +69 +70 +71 +72 +73 +74 +75 +76 +77 +78 +79 +80 +81 +82 +83 +84 +85 +86 +87 +88 +89 +90 +91 +92 +93 +94 +95 +96 +97 +98 +99 +100 +101 +102 +103 -119 -125 -124 +106 +105 -118 +107 -104 +111 +126 +122 -109 +120 +117 -115 -108 +116 -112 -123 -113 +110 -121 -114)
(+1 +2 +3 +4 +5 +6 +7 +8 +9 +10 +11 +12 +13 +14 +15 +16 +17 +18 +19 +20 +21 +22 +23 +24 +25 +26 +27 +28 +29 +30 +31 +32 +33 +34 +35 +36 +37 +38 +39 +40 +41 +42 +43 +44 +45 +46 +47 +48 +49 +50 +51 +52 +53 +54 +55 +56 +57 +58 +59 +60 +61 +62 +63 +64 +65 +66 +67 +68 +69 +70 +71 +72 +73 +74 +75 +76 +77 +78 +79 +80 +81 +82 +83 +84 +85 +86 +87 +88 +89 +90 +91 +92 +93 +94 +95 +96 +97 +98 +99 +100 +101 +102 +103 +104 -107 +118 -105 -106 +124 +125 +119 +111 +126 +122 -109 +120 +117 -115 -108 +116 -112 -123 -113 +110 -121 -114)
(+1 +2 +3 +4 +5 +6 +7 +8 +9 +10 +11 +12 +13 +14 +15 +16 +17 +18 +19 +20 +21 +22 +23 +24 +25 +26 +27 +28 +29 +30 +31 +32 +33 +34 +35 +36 +37 +38 +39 +40 +41 +42 +43 +44 +45 +46 +47 +48 +49 +50 +51 +52 +53 +54 +55 +56 +57 +58 +59 +60 +61 +62 +63 +64 +65 +66 +67 +68 +69 +70 +71 +72 +73 +74 +75 +76 +77 +78 +79 +80 +81 +82 +83 +84 +85 +86 +87 +88 +89 +90 +91 +92 +93 +94 +95 +96 +97 +98 +99 +100 +101 +102 +103 +104 +105 -118 +107 -106 +124 +125 +119 +111 +126 +122 -109 +120 +117 -115 -108 +116 -112 -123 -113 +110 -121 -114)
(+1 +2 +3 +4 +5 +6 +7 +8 +9 +10 +11 +12 +13 +14 +15 +16 +17 +18 +19 +20 +21 +22 +23 +24 +25 +26 +27 +28 +29 +30 +31 +32 +33 +34 +35 +36 +37 +38 +39 +40 +41 +42 +43 +44 +45 +46 +47 +48 +49 +50 +51 +52 +53 +54 +55 +56 +57 +58 +59 +60 +61 +62 +63 +64 +65 +66 +67 +68 +69 +70 +71 +72 +73 +74 +75 +76 +77 +78 +79 +80 +81 +82 +83 +84 +85 +86 +87 +88 +89 +90 +91 +92 +93 +94 +95 +96 +97 +98 +99 +100 +101 +102 +103 +104 +105 +106 -107 +118 +124 +125 +119 +111 +126 +122 -109 +120 +117 -115 -108 +116 -112 -123 -113 +110 -121 -114)
(+1 +2 +3 +4 +5 +6 +7 +8 +9 +10 +11 +12 +13 +14 +15 +16 +17 +18 +19 +20 +21 +22 +23 +24 +25 +26 +27 +28 +29 +30 +31 +32 +33 +34 +35 +36 +37 +38 +39 +40 +41 +42 +43 +44 +45 +46 +47 +48 +49 +50 +51 +52 +53 +54 +55 +56 +57 +58 +59 +60 +61 +62 +63 +64 +65 +66 +67 +68 +69 +70 +71 +72 +73 +74 +75 +76 +77 +78 +79 +80 +81 +82 +83 +84 +85 +86 +87 +88 +89 +90 +91 +92 +93 +94 +95 +96 +97 +98 +99 +100 +101 +102 +103 +104 +105 +106 +107 +118 +124 +125 +119 +111 +126 +122 -109 +120 +117 -115 -108 +116 -112 -123 -113 +110 -121 -114)
(+1 +2 +3 +4 +5 +6 +7 +8 +9 +10 +11 +12 +13 +14 +15 +16 +17 +18 +19 +20 +21 +22 +23 +24 +25 +26 +27 +28 +29 +30 +31 +32 +33 +34 +35 +36 +37 +38 +39 +40 +41 +42 +43 +44 +45 +46 +47 +48 +49 +50 +51 +52 +53 +54 +55 +56 +57 +58 +59 +60 +61 +62 +63 +64 +65 +66 +67 +68 +69 +70 +71 +72 +73 +74 +75 +76 +77 +78 +79 +80 +81 +82 +83 +84 +85 +86 +87 +88 +89 +90 +91 +92 +93 +94 +95 +96 +97 +98 +99 +100 +101 +102 +103 +104 +105 +106 +107 +108 +115 -117 -120 +109 -122 -126 -111 -119 -125 -124 -118 +116 -112 -123 -113 +110 -121 -114)
(+1 +2 +3 +4 +5 +6 +7 +8 +9 +10 +11 +12 +13 +14 +15 +16 +17 +18 +19 +20 +21 +22 +23 +24 +25 +26 +27 +28 +29 +30 +31 +32 +33 +34 +35 +36 +37 +38 +39 +40 +41 +42 +43 +44 +45 +46 +47 +48 +49 +50 +51 +52 +53 +54 +55 +56 +57 +58 +59 +60 +61 +62 +63 +64 +65 +66 +67 +68 +69 +70 +71 +72 +73 +74 +75 +76 +77 +78 +79 +80 +81 +82 +83 +84 +85 +86 +87 +88 +89 +90 +91 +92 +93 +94 +95 +96 +97 +98 +99 +100 +101 +102 +103 +104 +105 +106 +107 +108 -109 +120 +117 -115 -122 -126 -111 -119 -125 -124 -118 +116 -112 -123 -113 +110 -121 -114)
(+1 +2 +3 +4 +5 +6 +7 +8 +9 +10 +11 +12 +13 +14 +15 +16 +17 +18 +19 +20 +21 +22 +23 +24 +25 +26 +27 +28 +29 +30 +31 +32 +33 +34 +35 +36 +37 +38 +39 +40 +41 +42 +43 +44 +45 +46 +47 +48 +49 +50 +51 +52 +53 +54 +55 +56 +57 +58 +59 +60 +61 +62 +63 +64 +65 +66 +67 +68 +69 +70 +71 +72 +73 +74 +75 +76 +77 +78 +79 +80 +81 +82 +83 +84 +85 +86 +87 +88 +89 +90 +91 +92 +93 +94 +95 +96 +97 +98 +99 +100 +101 +102 +103 +104 +105 +106 +107 +108 +109 +120 +117 -115 -122 -126 -111 -119 -125 -124 -118 +116 -112 -123 -113 +110 -121 -114)
(+1 +2 +3 +4 +5 +6 +7 +8 +9 +10 +11 +12 +13 +14 +15 +16 +17 +18 +19 +20 +21 +22 +23 +24 +25 +26 +27 +28 +29 +30 +31 +32 +33 +34 +35 +36 +37 +38 +39 +40 +41 +42 +43 +44 +45 +46 +47 +48 +49 +50 +51 +52 +53 +54 +55 +56 +57 +58 +59 +60 +61 +62 +63 +64 +65 +66 +67 +68 +69 +70 +71 +72 +73 +74 +75 +76 +77 +78 +79 +80 +81 +82 +83 +84 +85 +86 +87 +88 +89 +90 +91 +92 +93 +94 +95 +96 +97 +98 +99 +100 +101 +102 +103 +104 +105 +106 +107 +108 +109 -110 +113 +123 +112 -116 +118 +124 +125 +119 +111 +126 +122 +115 -117 -120 -121 -114)
(+1 +2 +3 +4 +5 +6 +7 +8 +9 +10 +11 +12 +13 +14 +15 +16 +17 +18 +19 +20 +21 +22 +23 +24 +25 +26 +27 +28 +29 +30 +31 +32 +33 +34 +35 +36 +37 +38 +39 +40 +41 +42 +43 +44 +45 +46 +47 +48 +49 +50 +51 +52 +53 +54 +55 +56 +57 +58 +59 +60 +61 +62 +63 +64 +65 +66 +67 +68 +69 +70 +71 +72 +73 +74 +75 +76 +77 +78 +79 +80 +81 +82 +83 +84 +85 +86 +87 +88 +89 +90 +91 +92 +93 +94 +95 +96 +97 +98 +99 +100 +101 +102 +103 +104 +105 +106 +107 +108 +109 +110 +113 +123 +112 -116 +118 +124 +125 +119 +111 +126 +122 +115 -117 -120 -121 -114)
(+1 +2 +3 +4 +5 +6 +7 +8 +9 +10 +11 +12 +13 +14 +15 +16 +17 +18 +19 +20 +21 +22 +23 +24 +25 +26 +27 +28 +29 +30 +31 +32 +33 +34 +35 +36 +37 +38 +39 +40 +41 +42 +43 +44 +45 +46 +47 +48 +49 +50 +51 +52 +53 +54 +55 +56 +57 +58 +59 +60 +61 +62 +63 +64 +65 +66 +67 +68 +69 +70 +71 +72 +73 +74 +75 +76 +77 +78 +79 +80 +81 +82 +83 +84 +85 +86 +87 +88 +89 +90 +91 +92 +93 +94 +95 +96 +97 +98 +99 +100 +101 +102 +103 +104 +105 +106 +107 +108 +109 +110 -111 -119 -125 -124 -118 +116 -112 -123 -113 +126 +122 +115 -117 -120 -121 -114)
(+1 +2 +3 +4 +5 +6 +7 +8 +9 +10 +11 +12 +13 +14 +15 +16 +17 +18 +19 +20 +21 +22 +23 +24 +25 +26 +27 +28 +29 +30 +31 +32 +33 +34 +35 +36 +37 +38 +39 +40 +41 +42 +43 +44 +45 +46 +47 +48 +49 +50 +51 +52 +53 +54 +55 +56 +57 +58 +59 +60 +61 +62 +63 +64 +65 +66 +67 +68 +69 +70 +71 +72 +73 +74 +75 +76 +77 +78 +79 +80 +81 +82 +83 +84 +85 +86 +87 +88 +89 +90 +91 +92 +93 +94 +95 +96 +97 +98 +99 +100 +101 +102 +103 +104 +105 +106 +107 +108 +109 +110 +111 -119 -125 -124 -118 +116 -112 -123 -113 +126 +122 +115 -117 -120 -121 -114)
(+1 +2 +3 +4 +5 +6 +7 +8 +9 +10 +11 +12 +13 +14 +15 +16 +17 +18 +19 +20 +21 +22 +23 +24 +25 +26 +27 +28 +29 +30 +31 +32 +33 +34 +35 +36 +37 +38 +39 +40 +41 +42 +43 +44 +45 +46 +47 +48 +49 +50 +51 +52 +53 +54 +55 +56 +57 +58 +59 +60 +61 +62 +63 +64 +65 +66 +67 +68 +69 +70 +71 +72 +73 +74 +75 +76 +77 +78 +79 +80 +81 +82 +83 +84 +85 +86 +87 +88 +89 +90 +91 +92 +93 +94 +95 +96 +97 +98 +99 +100 +101 +102 +103 +104 +105 +106 +107 +108 +109 +110 +111 +112 -116 +118 +124 +125 +119 -123 -113 +126 +122 +115 -117 -120 -121 -114)
(+1 +2 +3 +4 +5 +6 +7 +8 +9 +10 +11 +12 +13 +14 +15 +16 +17 +18 +19 +20 +21 +22 +23 +24 +25 +26 +27 +28 +29 +30 +31 +32 +33 +34 +35 +36 +37 +38 +39 +40 +41 +42 +43 +44 +45 +46 +47 +48 +49 +50 +51 +52 +53 +54 +55 +56 +57 +58 +59 +60 +61 +62 +63 +64 +65 +66 +67 +68 +69 +70 +71 +72 +73 +74 +75 +76 +77 +78 +79 +80 +81 +82 +83 +84 +85 +86 +87 +88 +89 +90 +91 +92 +93 +94 +95 +96 +97 +98 +99 +100 +101 +102 +103 +104 +105 +106 +107 +108 +109 +110 +111 +112 +113 +123 -119 -125 -124 -118 +116 +126 +122 +115 -117 -120 -121 -114)
(+1 +2 +3 +4 +5 +6 +7 +8 +9 +10 +11 +12 +13 +14 +15 +16 +17 +18 +19 +20 +21 +22 +23 +24 +25 +26 +27 +28 +29 +30 +31 +32 +33 +34 +35 +36 +37 +38 +39 +40 +41 +42 +43 +44 +45 +46 +47 +48 +49 +50 +51 +52 +53 +54 +55 +56 +57 +58 +59 +60 +61 +62 +63 +64 +65 +66 +67 +68 +69 +70 +71 +72 +73 +74 +75 +76 +77 +78 +79 +80 +81 +82 +83 +84 +85 +86 +87 +88 +89 +90 +91 +92 +93 +94 +95 +96 +97 +98 +99 +100 +101 +102 +103 +104 +105 +106 +107 +108 +109 +110 +111 +112 +113 +114 +121 +120 +117 -115 -122 -126 -116 +118 +124 +125 +119 -123)
(+1 +2 +3 +4 +5 +6 +7 +8 +9 +10 +11 +12 +13 +14 +15 +16 +17 +18 +19 +20 +21 +22 +23 +24 +25 +26 +27 +28 +29 +30 +31 +32 +33 +34 +35 +36 +37 +38 +39 +40 +41 +42 +43 +44 +45 +46 +47 +48 +49 +50 +51 +52 +53 +54 +55 +56 +57 +58 +59 +60 +61 +62 +63 +64 +65 +66 +67 +68 +69 +70 +71 +72 +73 +74 +75 +76 +77 +78 +79 +80 +81 +82 +83 +84 +85 +86 +87 +88 +89 +90 +91 +92 +93 +94 +95 +96 +97 +98 +99 +100 +101 +102 +103 +104 +105 +106 +107 +108 +109 +110 +111 +112 +113 +114 +115 -117 -120 -121 -122 -126 -116 +118 +124 +125 +119 -123)
(+1 +2 +3 +4 +5 +6 +7 +8 +9 +10 +11 +12 +13 +14 +15 +16 +17 +18 +19 +20 +21 +22 +23 +24 +25 +26 +27 +28 +29 +30 +31 +32 +33 +34 +35 +36 +37 +38 +39 +40 +41 +42 +43 +44 +45 +46 +47 +48 +49 +50 +51 +52 +53 +54 +55 +56 +57 +58 +59 +60 +61 +62 +63 +64 +65 +66 +67 +68 +69 +70 +71 +72 +73 +74 +75 +76 +77 +78 +79 +80 +81 +82 +83 +84 +85 +86 +87 +88 +89 +90 +91 +92 +93 +94 +95 +96 +97 +98 +99 +100 +101 +102 +103 +104 +105 +106 +107 +108 +109 +110 +111 +112 +113 +114 +115 +116 +126 +122 +121 +120 +117 +118 +124 +125 +119 -123)
(+1 +2 +3 +4 +5 +6 +7 +8 +9 +10 +11 +12 +13 +14 +15 +16 +17 +18 +19 +20 +21 +22 +23 +24 +25 +26 +27 +28 +29 +30 +31 +32 +33 +34 +35 +36 +37 +38 +39 +40 +41 +42 +43 +44 +45 +46 +47 +48 +49 +50 +51 +52 +53 +54 +55 +56 +57 +58 +59 +60 +61 +62 +63 +64 +65 +66 +67 +68 +69 +70 +71 +72 +73 +74 +75 +76 +77 +78 +79 +80 +81 +82 +83 +84 +85 +86 +87 +88 +89 +90 +91 +92 +93 +94 +95 +96 +97 +98 +99 +100 +101 +102 +103 +104 +105 +106 +107 +108 +109 +110 +111 +112 +113 +114 +115 +116 -117 -120 -121 -122 -126 +118 +124 +125 +119 -123)
(+1 +2 +3 +4 +5 +6 +7 +8 +9 +10 +11 +12 +13 +14 +15 +16 +17 +18 +19 +20 +21 +22 +23 +24 +25 +26 +27 +28 +29 +30 +31 +32 +33 +34 +35 +36 +37 +38 +39 +40 +41 +42 +43 +44 +45 +46 +47 +48 +49 +50 +51 +52 +53 +54 +55 +56 +57 +58 +59 +60 +61 +62 +63 +64 +65 +66 +67 +68 +69 +70 +71 +72 +73 +74 +75 +76 +77 +78 +79 +80 +81 +82 +83 +84 +85 +86 +87 +88 +89 +90 +91 +92 +93 +94 +95 +96 +97 +98 +99 +100 +101 +102 +103 +104 +105 +106 +107 +108 +109 +110 +111 +112 +113 +114 +115 +116 +117 -120 -121 -122 -126 +118 +124 +125 +119 -123)
(+1 +2 +3 +4 +5 +6 +7 +8 +9 +10 +11 +12 +13 +14 +15 +16 +17 +18 +19 +20 +21 +22 +23 +24 +25 +26 +27 +28 +29 +30 +31 +32 +33 +34 +35 +36 +37 +38 +39 +40 +41 +42 +43 +44 +45 +46 +47 +48 +49 +50 +51 +52 +53 +54 +55 +56 +57 +58 +59 +60 +61 +62 +63 +64 +65 +66 +67 +68 +69 +70 +71 +72 +73 +74 +75 +76 +77 +78 +79 +80 +81 +82 +83 +84 +85 +86 +87 +88 +89 +90 +91 +92 +93 +94 +95 +96 +97 +98 +99 +100 +101 +102 +103 +104 +105 +106 +107 +108 +109 +110 +111 +112 +113 +114 +115 +116 +117 -118 +126 +122 +121 +120 +124 +125 +119 -123)
(+1 +2 +3 +4 +5 +6 +7 +8 +9 +10 +11 +12 +13 +14 +15 +16 +17 +18 +19 +20 +21 +22 +23 +24 +25 +26 +27 +28 +29 +30 +31 +32 +33 +34 +35 +36 +37 +38 +39 +40 +41 +42 +43 +44 +45 +46 +47 +48 +49 +50 +51 +52 +53 +54 +55 +56 +57 +58 +59 +60 +61 +62 +63 +64 +65 +66 +67 +68 +69 +70 +71 +72 +73 +74 +75 +76 +77 +78 +79 +80 +81 +82 +83 +84 +85 +86 +87 +88 +89 +90 +91 +92 +93 +94 +95 +96 +97 +98 +99 +100 +101 +102 +103 +104 +105 +106 +107 +108 +109 +110 +111 +112 +113 +114 +115 +116 +117 +118 +126 +122 +121 +120 +124 +125 +119 -123)
(+1 +2 +3 +4 +5 +6 +7 +8 +9 +10 +11 +12 +13 +14 +15 +16 +17 +18 +19 +20 +21 +22 +23 +24 +25 +26 +27 +28 +29 +30 +31 +32 +33 +34 +35 +36 +37 +38 +39 +40 +41 +42 +43 +44 +45 +46 +47 +48 +49 +50 +51 +52 +53 +54 +55 +56 +57 +58 +59 +60 +61 +62 +63 +64 +65 +66 +67 +68 +69 +70 +71 +72 +73 +74 +75 +76 +77 +78 +79 +80 +81 +82 +83 +84 +85 +86 +87 +88 +89 +90 +91 +92 +93 +94 +95 +96 +97 +98 +99 +100 +101 +102 +103 +104 +105 +106 +107 +108 +109 +110 +111 +112 +113 +114 +115 +116 +117 +118 -119 -125 -124 -120 -121 -122 -126 -123)
(+1 +2 +3 +4 +5 +6 +7 +8 +9 +10 +11 +12 +13 +14 +15 +16 +17 +18 +19 +20 +21 +22 +23 +24 +25 +26 +27 +28 +29 +30 +31 +32 +33 +34 +35 +36 +37 +38 +39 +40 +41 +42 +43 +44 +45 +46 +47 +48 +49 +50 +51 +52 +53 +54 +55 +56 +57 +58 +59 +60 +61 +62 +63 +64 +65 +66 +67 +68 +69 +70 +71 +72 +73 +74 +75 +76 +77 +78 +79 +80 +81 +82 +83 +84 +85 +86 +87 +88 +89 +90 +91 +92 +93 +94 +95 +96 +97 +98 +99 +100 +101 +102 +103 +104 +105 +106 +107 +108 +109 +110 +111 +112 +113 +114 +115 +116 +117 +118 +119 -125 -124 -120 -121 -122 -126 -123)
(+1 +2 +3 +4 +5 +6 +7 +8 +9 +10 +11 +12 +13 +14 +15 +16 +17 +18 +19 +20 +21 +22 +23 +24 +25 +26 +27 +28 +29 +30 +31 +32 +33 +34 +35 +36 +37 +38 +39 +40 +41 +42 +43 +44 +45 +46 +47 +48 +49 +50 +51 +52 +53 +54 +55 +56 +57 +58 +59 +60 +61 +62 +63 +64 +65 +66 +67 +68 +69 +70 +71 +72 +73 +74 +75 +76 +77 +78 +79 +80 +81 +82 +83 +84 +85 +86 +87 +88 +89 +90 +91 +92 +93 +94 +95 +96 +97 +98 +99 +100 +101 +102 +103 +104 +105 +106 +107 +108 +109 +110 +111 +112 +113 +114 +115 +116 +117 +118 +119 +120 +124 +125 -121 -122 -126 -123)
(+1 +2 +3 +4 +5 +6 +7 +8 +9 +10 +11 +12 +13 +14 +15 +16 +17 +18 +19 +20 +21 +22 +23 +24 +25 +26 +27 +28 +29 +30 +31 +32 +33 +34 +35 +36 +37 +38 +39 +40 +41 +42 +43 +44 +45 +46 +47 +48 +49 +50 +51 +52 +53 +54 +55 +56 +57 +58 +59 +60 +61 +62 +63 +64 +65 +66 +67 +68 +69 +70 +71 +72 +73 +74 +75 +76 +77 +78 +79 +80 +81 +82 +83 +84 +85 +86 +87 +88 +89 +90 +91 +92 +93 +94 +95 +96 +97 +98 +99 +100 +101 +102 +103 +104 +105 +106 +107 +108 +109 +110 +111 +112 +113 +114 +115 +116 +117 +118 +119 +120 +121 -125 -124 -122 -126 -123)
(+1 +2 +3 +4 +5 +6 +7 +8 +9 +10 +11 +12 +13 +14 +15 +16 +17 +18 +19 +20 +21 +22 +23 +24 +25 +26 +27 +28 +29 +30 +31 +32 +33 +34 +35 +36 +37 +38 +39 +40 +41 +42 +43 +44 +45 +46 +47 +48 +49 +50 +51 +52 +53 +54 +55 +56 +57 +58 +59 +60 +61 +62 +63 +64 +65 +66 +67 +68 +69 +70 +71 +72 +73 +74 +75 +76 +77 +78 +79 +80 +81 +82 +83 +84 +85 +86 +87 +88 +89 +90 +91 +92 +93 +94 +95 +96 +97 +98 +99 +100 +101 +102 +103 +104 +105 +106 +107 +108 +109 +110 +111 +112 +113 +114 +115 +116 +117 +118 +119 +120 +121 +122 +124 +125 -126 -123)
(+1 +2 +3 +4 +5 +6 +7 +8 +9 +10 +11 +12 +13 +14 +15 +16 +17 +18 +19 +20 +21 +22 +23 +24 +25 +26 +27 +28 +29 +30 +31 +32 +33 +34 +35 +36 +37 +38 +39 +40 +41 +42 +43 +44 +45 +46 +47 +48 +49 +50 +51 +52 +53 +54 +55 +56 +57 +58 +59 +60 +61 +62 +63 +64 +65 +66 +67 +68 +69 +70 +71 +72 +73 +74 +75 +76 +77 +78 +79 +80 +81 +82 +83 +84 +85 +86 +87 +88 +89 +90 +91 +92 +93 +94 +95 +96 +97 +98 +99 +100 +101 +102 +103 +104 +105 +106 +107 +108 +109 +110 +111 +112 +113 +114 +115 +116 +117 +118 +119 +120 +121 +122 +123 +126 -125 -124)
(+1 +2 +3 +4 +5 +6 +7 +8 +9 +10 +11 +12 +13 +14 +15 +16 +17 +18 +19 +20 +21 +22 +23 +24 +25 +26 +27 +28 +29 +30 +31 +32 +33 +34 +35 +36 +37 +38 +39 +40 +41 +42 +43 +44 +45 +46 +47 +48 +49 +50 +51 +52 +53 +54 +55 +56 +57 +58 +59 +60 +61 +62 +63 +64 +65 +66 +67 +68 +69 +70 +71 +72 +73 +74 +75 +76 +77 +78 +79 +80 +81 +82 +83 +84 +85 +86 +87 +88 +89 +90 +91 +92 +93 +94 +95 +96 +97 +98 +99 +100 +101 +102 +103 +104 +105 +106 +107 +108 +109 +110 +111 +112 +113 +114 +115 +116 +117 +118 +119 +120 +121 +122 +123 +124 +125 -126)
(+1 +2 +3 +4 +5 +6 +7 +8 +9 +10 +11 +12 +13 +14 +15 +16 +17 +18 +19 +20 +21 +22 +23 +24 +25 +26 +27 +28 +29 +30 +31 +32 +33 +34 +35 +36 +37 +38 +39 +40 +41 +42 +43 +44 +45 +46 +47 +48 +49 +50 +51 +52 +53 +54 +55 +56 +57 +58 +59 +60 +61 +62 +63 +64 +65 +66 +67 +68 +69 +70 +71 +72 +73 +74 +75 +76 +77 +78 +79 +80 +81 +82 +83 +84 +85 +86 +87 +88 +89 +90 +91 +92 +93 +94 +95 +96 +97 +98 +99 +100 +101 +102 +103 +104 +105 +106 +107 +108 +109 +110 +111 +112 +113 +114 +115 +116 +117 +118 +119 +120 +121 +122 +123 +124 +125 +126)