28
23
0 2301 2035 11272 11917 3707 12334 10774 3255 1932 11999 5138 12303 2254 5205 3898 6427 3757 2254 9929 5071 8822 8506 2929 8203 6834 3882 7475
2301 0 3002 12239 12884 4674 13301 11741 4222 1639 12966 6105 13270 3221 6172 2667 7394 2526 3221 10896 6038 9789 9473 1698 9170 7801 4849 8442
2035 3002 0 10503 11148 2938 11565 10005 2486 2633 11230 4369 11534 1485 4436 4599 5658 4458 1485 9160 4302 8053 7737 3630 7434 6065 3113 6706
11272 12239 10503 0 2207 7841 2624 1548 8623 11870 2289 7258 2593 9636 7457 13836 5837 13695 9210 2535 6397 3406 3368 12867 4529 5208 7910 4895
11917 12884 11148 2207 0 8486 1703 2193 9268 12515 1916 7903 1672 10281 8102 14481 6482 14340 9855 3180 7042 4051 4013 13512 5174 5853 8555 5540
3707 4674 2938 7841 8486 0 8903 7343 1058 4305 8568 1707 8872 2071 1774 6271 2996 6130 1645 6498 1640 5391 5075 5302 4772 3403 451 4044
12334 13301 11565 2624 1703 8903 0 2610 9685 12932 2333 8320 451 10698 8519 14898 6899 14757 10272 3597 7459 4468 4430 13929 5591 6270 8972 5957
10774 11741 10005 1548 2193 7343 2610 0 8125 11372 2275 6760 2579 9138 6959 13338 5339 13197 8712 2037 5899 2908 2870 12369 4031 4710 7412 4397
3255 4222 2486 8623 9268 1058 9685 8125 0 3853 9350 2489 9654 1619 2556 5819 3778 5678 1193 7280 2422 6173 5857 4850 5554 4185 1233 4826
1932 1639 2633 11870 12515 4305 12932 11372 3853 0 12597 5736 12901 2852 5803 3236 7025 3095 2852 10527 5669 9420 9104 2267 8801 7432 4480 8073
11999 12966 11230 2289 1916 8568 2333 2275 9350 12597 0 7985 2302 10363 8184 14563 6564 14422 9937 3262 7124 4133 4095 13594 5256 5935 8637 5622
5138 6105 4369 7258 7903 1707 8320 6760 2489 5736 7985 0 8289 3502 1323 7702 2413 7561 3076 5915 1057 4808 4492 6733 4189 2820 1776 3461
12303 13270 11534 2593 1672 8872 451 2579 9654 12901 2302 8289 0 10667 8488 14867 6868 14726 10241 3566 7428 4437 4399 13898 5560 6239 8941 5926
2254 3221 1485 9636 10281 2071 10698 9138 1619 2852 10363 3502 10667 0 3569 4818 4791 4677 618 8293 3435 7186 6870 3849 6567 5198 2246 5839
5205 6172 4436 7457 8102 1774 8519 6959 2556 5803 8184 1323 8488 3569 0 7769 2612 7628 3143 6114 1256 5007 4691 6800 4388 3019 1843 3660
3898 2667 4599 13836 14481 6271 14898 13338 5819 3236 14563 7702 14867 4818 7769 0 8991 343 4818 12493 7635 11386 11070 1313 10767 9398 6446 10039
6427 7394 5658 5837 6482 2996 6899 5339 3778 7025 6564 2413 6868 4791 2612 8991 0 8850 4365 4494 1552 3387 3071 8022 2768 1399 3065 2040
3757 2526 4458 13695 14340 6130 14757 13197 5678 3095 14422 7561 14726 4677 7628 343 8850 0 4677 12352 7494 11245 10929 1172 10626 9257 6305 9898
2254 3221 1485 9210 9855 1645 10272 8712 1193 2852 9937 3076 10241 618 3143 4818 4365 4677 0 7867 3009 6760 6444 3849 6141 4772 1820 5413
9929 10896 9160 2535 3180 6498 3597 2037 7280 10527 3262 5915 3566 8293 6114 12493 4494 12352 7867 0 5054 2063 2025 11524 3186 3865 6567 3552
5071 6038 4302 6397 7042 1640 7459 5899 2422 5669 7124 1057 7428 3435 1256 7635 1552 7494 3009 5054 0 3947 3631 6666 3328 1959 1709 2600
8822 9789 8053 3406 4051 5391 4468 2908 6173 9420 4133 4808 4437 7186 5007 11386 3387 11245 6760 2063 3947 0 918 10417 2079 2758 5460 2445
8506 9473 7737 3368 4013 5075 4430 2870 5857 9104 4095 4492 4399 6870 4691 11070 3071 10929 6444 2025 3631 918 0 10101 1763 2442 5144 2129
2929 1698 3630 12867 13512 5302 13929 12369 4850 2267 13594 6733 13898 3849 6800 1313 8022 1172 3849 11524 6666 10417 10101 0 9798 8429 5477 9070
8203 9170 7434 4529 5174 4772 5591 4031 5554 8801 5256 4189 5560 6567 4388 10767 2768 10626 6141 3186 3328 2079 1763 9798 0 2139 4841 1826
6834 7801 6065 5208 5853 3403 6270 4710 4185 7432 5935 2820 6239 5198 3019 9398 1399 9257 4772 3865 1959 2758 2442 8429 2139 0 3472 1411
3882 4849 3113 7910 8555 451 8972 7412 1233 4480 8637 1776 8941 2246 1843 6446 3065 6305 1820 6567 1709 5460 5144 5477 4841 3472 0 4113
7475 8442 6706 4895 5540 4044 5957 4397 4826 8073 5622 3461 5926 5839 3660 10039 2040 9898 5413 3552 2600 2445 2129 9070 1826 1411 4113 0
